6 0.03156822810590631 0.4573643410852713 0.04684317718940936 0.6511627906976745
0 0.08146639511201628 0.437984496124031 0.04480651731160896 0.627906976744186
1 0.13136456211812625 0.44573643410852715 0.04276985743380855 0.6434108527131783
4 0.18533604887983704 0.4496124031007752 0.05091649694501018 0.6666666666666666
2 0.2820773930753564 0.48062015503875966 0.05906313645621181 0.5891472868217054
7 0.3411405295315682 0.48062015503875966 0.04480651731160896 0.6666666666666666
6 0.38900203665987776 0.4689922480620155 0.04480651731160896 0.627906976744186
0 0.43940936863543784 0.45348837209302323 0.04786150712830957 0.627906976744186
3 0.5392057026476578 0.41472868217054265 0.05193482688391038 0.6589147286821705
2 0.5921588594704684 0.43410852713178294 0.049898167006109974 0.6046511627906976
3 0.645112016293279 0.44573643410852715 0.04378818737270875 0.6124031007751938
1 0.6960285132382892 0.4496124031007752 0.04378818737270875 0.6201550387596899
7 0.7963340122199591 0.43410852713178294 0.05091649694501018 0.6046511627906976
9 0.8513238289205702 0.4496124031007752 0.04684317718940936 0.6666666666666666
9 0.9017311608961303 0.44573643410852715 0.045824847250509164 0.6589147286821705
9 0.9562118126272912 0.4418604651162791 0.05091649694501018 0.6976744186046512
