6 0.05089820359281437 0.62 0.049900199600798396 0.68
2 0.10778443113772454 0.58 0.04391217564870259 0.76
2 0.16167664670658682 0.5700000000000001 0.04391217564870259 0.78
5 0.21357285429141715 0.51 0.05189620758483034 0.78
7 0.312375249500998 0.54 0.04590818363273453 0.76
5 0.36726546906187624 0.55 0.04790419161676646 0.7000000000000001
8 0.4141716566866267 0.55 0.04590818363273453 0.74
8 0.4640718562874251 0.54 0.049900199600798396 0.76
8 0.5588822355289421 0.51 0.04790419161676646 0.7000000000000001
8 0.6087824351297405 0.51 0.04391217564870259 0.74
8 0.6566866267465069 0.52 0.04391217564870259 0.76
8 0.7085828343313373 0.53 0.05189620758483034 0.78
8 0.8013972055888223 0.55 0.049900199600798396 0.74
8 0.8542914171656686 0.48 0.04790419161676646 0.8
8 0.9011976047904191 0.46 0.04590818363273453 0.84
8 0.9510978043912175 0.46 0.05389221556886227 0.84
