6 0.04087677725118484 0.4819277108433735 0.04146919431279621 0.746987951807229
2 0.09300947867298578 0.46385542168674704 0.04620853080568721 0.8072289156626506
2 0.14514218009478674 0.42168674698795183 0.0533175355450237 0.819277108433735
8 0.1996445497630332 0.43975903614457834 0.04620853080568721 0.7349397590361446
3 0.29976303317535546 0.45783132530120485 0.04502369668246446 0.7228915662650602
7 0.35071090047393366 0.45783132530120485 0.047393364928909956 0.7710843373493976
8 0.40225118483412325 0.46987951807228917 0.04620853080568721 0.7228915662650602
8 0.45319905213270145 0.47590361445783136 0.0485781990521327 0.6626506024096386
8 0.552132701421801 0.46385542168674704 0.04265402843601896 0.6867469879518072
8 0.6036729857819906 0.46987951807228917 0.03909952606635071 0.7951807228915663
8 0.6528436018957346 0.49397590361445787 0.04028436018957346 0.746987951807229
8 0.7043838862559242 0.49397590361445787 0.04146919431279621 0.7710843373493976
8 0.8062796208530806 0.4879518072289157 0.0485781990521327 0.7349397590361446
8 0.8578199052132702 0.5 0.04265402843601896 0.8072289156626506
8 0.9105450236966826 0.4819277108433735 0.04620853080568721 0.7951807228915663
8 0.960308056872038 0.5180722891566265 0.04383886255924171 0.7951807228915663
