6 0.04467680608365019 0.48333333333333334 0.051330798479087454 0.7
2 0.0979087452471483 0.475 0.043726235741444866 0.6833333333333333
2 0.14923954372623574 0.5166666666666666 0.04752851711026616 0.7
5 0.20627376425855512 0.5 0.055133079847908745 0.8
7 0.30038022813688214 0.5333333333333333 0.04182509505703422 0.6666666666666666
5 0.35361216730038025 0.5083333333333333 0.04182509505703422 0.65
8 0.40304182509505704 0.5416666666666666 0.045627376425855515 0.65
8 0.45627376425855515 0.525 0.049429657794676805 0.6833333333333333
8 0.5494296577946768 0.5166666666666666 0.045627376425855515 0.6333333333333333
8 0.6017110266159695 0.575 0.04752851711026616 0.65
8 0.6520912547528517 0.5666666666666667 0.04182509505703422 0.6666666666666666
8 0.7053231939163498 0.5583333333333333 0.045627376425855515 0.65
8 0.8013307984790875 0.5833333333333334 0.051330798479087454 0.6666666666666666
8 0.8536121673003803 0.5916666666666667 0.045627376425855515 0.6833333333333333
8 0.9068441064638784 0.5833333333333334 0.045627376425855515 0.7
8 0.9572243346007604 0.5833333333333334 0.043726235741444866 0.7666666666666666
