3 0.026156941649899398 0.5425531914893617 0.044265593561368215 0.7021276595744681
5 0.08048289738430583 0.5319148936170213 0.044265593561368215 0.7659574468085106
6 0.1317907444668008 0.5212765957446809 0.04627766599597586 0.7446808510638298
8 0.1841046277665996 0.5319148936170213 0.04627766599597586 0.7659574468085106
9 0.289738430583501 0.5425531914893617 0.044265593561368215 0.7021276595744681
9 0.3420523138832998 0.5319148936170213 0.044265593561368215 0.8085106382978723
0 0.3933601609657948 0.48936170212765956 0.04225352112676057 0.7234042553191489
0 0.4456740442655936 0.46808510638297873 0.04627766599597586 0.6808510638297872
0 0.5503018108651911 0.48936170212765956 0.04627766599597586 0.7234042553191489
0 0.6016096579476862 0.4574468085106383 0.04024144869215292 0.7021276595744681
0 0.6569416498993964 0.4574468085106383 0.04225352112676057 0.7872340425531915
0 0.7092555331991952 0.46808510638297873 0.04225352112676057 0.8085106382978723
5 0.8108651911468814 0.4574468085106383 0.052313883299798795 0.7021276595744681
0 0.8661971830985916 0.44680851063829785 0.04627766599597586 0.6808510638297872
0 0.9164989939637828 0.4361702127659574 0.04627766599597586 0.7021276595744681
0 0.9678068410462778 0.44680851063829785 0.048289738430583505 0.8085106382978723
