3 0.025150905432595575 0.5531914893617021 0.04225352112676057 0.6808510638297872
5 0.07746478873239437 0.5638297872340425 0.04225352112676057 0.7021276595744681
6 0.1317907444668008 0.5531914893617021 0.04225352112676057 0.7659574468085106
8 0.18511066398390344 0.48936170212765956 0.052313883299798795 0.7659574468085106
9 0.29074446680080485 0.5319148936170213 0.04225352112676057 0.8085106382978723
9 0.34305835010060365 0.48936170212765956 0.04225352112676057 0.7234042553191489
0 0.39537223340040245 0.48936170212765956 0.04225352112676057 0.7234042553191489
0 0.44768611670020125 0.46808510638297873 0.04627766599597586 0.7234042553191489
0 0.5492957746478874 0.48936170212765956 0.048289738430583505 0.7234042553191489
0 0.60261569416499 0.48936170212765956 0.04225352112676057 0.6382978723404256
0 0.6579476861167003 0.4361702127659574 0.044265593561368215 0.7446808510638298
0 0.7092555331991952 0.44680851063829785 0.04225352112676057 0.7234042553191489
5 0.8098591549295775 0.4361702127659574 0.04627766599597586 0.7446808510638298
0 0.8682092555331993 0.44680851063829785 0.04225352112676057 0.7234042553191489
0 0.9185110663983904 0.4148936170212766 0.04627766599597586 0.7446808510638298
0 0.9668008048289739 0.4787234042553191 0.04225352112676057 0.6595744680851063
