5 0.03546592489568846 0.5140845070422535 0.04589707927677329 0.7464788732394366
3 0.08762169680111265 0.5 0.041724617524339355 0.7183098591549296
0 0.13351877607788595 0.5211267605633803 0.05006954102920723 0.7323943661971831
9 0.1905424200278164 0.5070422535211268 0.05006954102920723 0.7323943661971831
8 0.28720445062586925 0.49295774647887325 0.04589707927677329 0.8169014084507042
2 0.33936022253129344 0.5 0.04450625869262865 0.7746478873239436
5 0.3929068150208623 0.4859154929577465 0.048678720445062586 0.7746478873239436
1 0.44436717663421416 0.5 0.05146036161335187 0.8309859154929577
7 0.5438108484005563 0.5 0.041724617524339355 0.7746478873239436
1 0.5945757997218358 0.49295774647887325 0.043115438108484005 0.7605633802816901
0 0.6439499304589708 0.471830985915493 0.04728789986091794 0.7183098591549296
3 0.6974965229485396 0.47887323943661975 0.043115438108484005 0.8169014084507042
1 0.7990264255910987 0.47887323943661975 0.04033379694019471 0.8169014084507042
2 0.8442280945757997 0.4366197183098592 0.04450625869262865 0.7887323943661972
8 0.8977746870653686 0.471830985915493 0.043115438108484005 0.7746478873239436
6 0.9485396383866481 0.49295774647887325 0.05006954102920723 0.7605633802816901
