6 0.04156479217603912 0.5454545454545454 0.05378973105134474 0.7727272727272727
2 0.09535452322738386 0.5340909090909091 0.044009779951100246 0.7954545454545455
2 0.14792176039119803 0.5340909090909091 0.05134474327628362 0.75
1 0.19926650366748166 0.5340909090909091 0.04156479217603912 0.7954545454545455
6 0.2921760391198044 0.5681818181818182 0.05134474327628362 0.7272727272727273
6 0.34596577017114916 0.5113636363636364 0.04156479217603912 0.75
8 0.3960880195599022 0.5113636363636364 0.044009779951100246 0.75
8 0.44865525672371637 0.46590909090909094 0.05134474327628362 0.75
8 0.5452322738386308 0.5227272727272727 0.0488997555012225 0.7727272727272727
8 0.597799511002445 0.5 0.04156479217603912 0.7272727272727273
8 0.6491442542787286 0.48863636363636365 0.04156479217603912 0.75
8 0.7041564792176039 0.5 0.044009779951100246 0.6818181818181819
8 0.7970660146699267 0.5113636363636364 0.039119804400977995 0.75
8 0.8484107579462102 0.5113636363636364 0.039119804400977995 0.75
8 0.902200488997555 0.5113636363636364 0.044009779951100246 0.75
8 0.9547677261613692 0.5 0.03667481662591687 0.7727272727272727
