5 0.036161335187760775 0.5 0.04450625869262865 0.6901408450704225
3 0.08762169680111265 0.528169014084507 0.041724617524339355 0.7183098591549296
0 0.1349095966620306 0.528169014084507 0.05006954102920723 0.7746478873239436
9 0.1898470097357441 0.528169014084507 0.043115438108484005 0.7464788732394366
8 0.2885952712100139 0.4647887323943662 0.04033379694019471 0.7887323943661972
2 0.3414464534075104 0.528169014084507 0.04033379694019471 0.7464788732394366
5 0.38873435326842837 0.49295774647887325 0.04589707927677329 0.7605633802816901
1 0.44089012517385257 0.49295774647887325 0.041724617524339355 0.7605633802816901
7 0.5452016689847009 0.49295774647887325 0.041724617524339355 0.7605633802816901
1 0.5931849791376912 0.4859154929577465 0.043115438108484005 0.7183098591549296
0 0.6439499304589708 0.5070422535211268 0.041724617524339355 0.7605633802816901
3 0.6905424200278164 0.4859154929577465 0.04589707927677329 0.7183098591549296
1 0.7955493741307371 0.49295774647887325 0.041724617524339355 0.7605633802816901
2 0.8456189151599444 0.471830985915493 0.04728789986091794 0.7746478873239436
8 0.8977746870653686 0.5070422535211268 0.043115438108484005 0.7323943661971831
6 0.9457579972183587 0.4647887323943662 0.04728789986091794 0.7605633802816901
