6 0.052397868561278864 0.6206896551724138 0.047957371225577264 0.7586206896551724
2 0.10746003552397869 0.5948275862068966 0.047957371225577264 0.7413793103448276
2 0.15896980461811724 0.5862068965517241 0.04440497335701599 0.7586206896551724
5 0.21047957371225579 0.5431034482758621 0.05150976909413855 0.7758620689655172
7 0.30550621669627 0.5431034482758621 0.046181172291296625 0.7413793103448276
5 0.35790408525754885 0.5431034482758621 0.047957371225577264 0.7068965517241379
8 0.40763765541740676 0.5172413793103449 0.03730017761989343 0.7241379310344828
8 0.455595026642984 0.5517241379310345 0.05150976909413855 0.7241379310344828
8 0.5497335701598579 0.5517241379310345 0.047957371225577264 0.6551724137931034
8 0.6030195381882771 0.5258620689655172 0.04440497335701599 0.7413793103448276
8 0.655417406749556 0.5862068965517241 0.046181172291296625 0.7241379310344828
8 0.7051509769094139 0.5603448275862069 0.046181172291296625 0.8103448275862069
8 0.7992895204262878 0.5775862068965517 0.04973357015985791 0.7068965517241379
8 0.852575488454707 0.5775862068965517 0.03907637655417407 0.7068965517241379
8 0.9005328596802842 0.5689655172413793 0.04262877442273535 0.6896551724137931
8 0.9529307282415631 0.5689655172413793 0.05150976909413855 0.7586206896551724
