6 0.03309572301425662 0.4573643410852713 0.05193482688391038 0.6356589147286822
0 0.08299389002036658 0.42248062015503873 0.04378818737270875 0.627906976744186
1 0.13238289205702647 0.46124031007751937 0.048879837067209775 0.627906976744186
4 0.18482688391038696 0.437984496124031 0.049898167006109974 0.627906976744186
2 0.2861507128309572 0.44573643410852715 0.052953156822810585 0.627906976744186
7 0.3406313645621181 0.44573643410852715 0.04175152749490835 0.6744186046511628
6 0.39052953156822806 0.44573643410852715 0.05193482688391038 0.6434108527131783
0 0.44246435845213844 0.4263565891472868 0.04378818737270875 0.6356589147286822
3 0.540224032586558 0.4263565891472868 0.05193482688391038 0.6201550387596899
2 0.5931771894093686 0.437984496124031 0.045824847250509164 0.627906976744186
3 0.6440936863543788 0.44573643410852715 0.049898167006109974 0.627906976744186
1 0.6985743380855397 0.43410852713178294 0.04684317718940936 0.6046511627906976
7 0.7983706720977596 0.45348837209302323 0.052953156822810585 0.6589147286821705
9 0.8528513238289205 0.4418604651162791 0.045824847250509164 0.6511627906976745
9 0.9017311608961303 0.44573643410852715 0.04378818737270875 0.6589147286821705
9 0.955193482688391 0.42248062015503873 0.052953156822810585 0.6744186046511628
