6 0.042787286063569685 0.5568181818181819 0.04645476772616137 0.7045454545454546
2 0.0941320293398533 0.5454545454545454 0.04645476772616137 0.7727272727272727
2 0.1491442542787286 0.5113636363636364 0.0488997555012225 0.8409090909090909
1 0.20171149144254277 0.5 0.05134474327628362 0.8181818181818182
6 0.293398533007335 0.5340909090909091 0.0488997555012225 0.7954545454545455
6 0.34596577017114916 0.5227272727272727 0.04645476772616137 0.7727272727272727
8 0.3960880195599022 0.46590909090909094 0.044009779951100246 0.75
8 0.4511002444987775 0.4772727272727273 0.04156479217603912 0.7272727272727273
8 0.5513447432762836 0.5 0.04156479217603912 0.7727272727272727
8 0.597799511002445 0.5113636363636364 0.04645476772616137 0.75
8 0.6503667481662592 0.46590909090909094 0.044009779951100246 0.7954545454545455
8 0.706601466992665 0.4772727272727273 0.044009779951100246 0.8181818181818182
8 0.7995110024449877 0.48863636363636365 0.034229828850855744 0.75
8 0.8496332518337408 0.4772727272727273 0.04645476772616137 0.7727272727272727
8 0.9009779951100244 0.48863636363636365 0.04156479217603912 0.7954545454545455
8 0.9535452322738386 0.48863636363636365 0.0488997555012225 0.7954545454545455
