5 0.03337969401947149 0.5070422535211268 0.05006954102920723 0.7323943661971831
3 0.08692628650904033 0.5211267605633803 0.04033379694019471 0.7323943661971831
0 0.1356050069541029 0.5422535211267606 0.043115438108484005 0.7746478873239436
9 0.18845618915159942 0.5211267605633803 0.043115438108484005 0.7323943661971831
8 0.28720445062586925 0.5211267605633803 0.04033379694019471 0.7042253521126761
2 0.33936022253129344 0.5 0.04728789986091794 0.7746478873239436
5 0.39151599443671764 0.49295774647887325 0.043115438108484005 0.7887323943661972
1 0.4422809457579972 0.49295774647887325 0.03894297635605007 0.7605633802816901
7 0.5445062586926286 0.49295774647887325 0.043115438108484005 0.7605633802816901
1 0.5931849791376912 0.5 0.04033379694019471 0.7746478873239436
0 0.6390820584144645 0.47887323943661975 0.048678720445062586 0.8169014084507042
3 0.694019471488178 0.4859154929577465 0.05006954102920723 0.8591549295774648
1 0.7948539638386648 0.49295774647887325 0.043115438108484005 0.7887323943661972
2 0.8463143254520167 0.47887323943661975 0.04589707927677329 0.7323943661971831
8 0.8970792767732962 0.4859154929577465 0.041724617524339355 0.7464788732394366
6 0.9485396383866481 0.49295774647887325 0.04450625869262865 0.7605633802816901
