6 0.035160905840286055 0.4620253164556962 0.04886769964243146 0.7468354430379747
2 0.09058402860548272 0.47468354430379744 0.052443384982121574 0.7468354430379747
8 0.14123957091775924 0.46835443037974683 0.04410011918951132 0.7341772151898734
2 0.19606674612634087 0.5189873417721519 0.05363528009535161 0.810126582278481
8 0.2932061978545888 0.4810126582278481 0.04529201430274136 0.7848101265822784
8 0.34326579261025025 0.4620253164556962 0.03814064362336114 0.7974683544303798
8 0.39570917759237184 0.45569620253164556 0.04290822407628128 0.7594936708860759
8 0.4469606674612634 0.45569620253164556 0.04529201430274136 0.7341772151898734
8 0.5476758045292014 0.44936708860759494 0.04410011918951132 0.7974683544303798
8 0.5971394517282479 0.4873417721518987 0.04767580452920143 0.8227848101265822
8 0.6483909415971394 0.46835443037974683 0.04290822407628128 0.810126582278481
8 0.701430274135876 0.4620253164556962 0.04648390941597139 0.7721518987341772
8 0.803337306317044 0.4873417721518987 0.04767580452920143 0.7468354430379747
8 0.8551847437425506 0.5063291139240507 0.04171632896305125 0.7088607594936709
8 0.9052443384982121 0.49367088607594933 0.04648390941597139 0.7594936708860759
8 0.9594755661501787 0.46835443037974683 0.0500595947556615 0.7341772151898734
