6 0.03599221789883268 0.53125 0.04474708171206226 0.8541666666666666
2 0.09143968871595332 0.5 0.042801556420233464 0.8333333333333333
5 0.14299610894941633 0.46875 0.04474708171206226 0.8125
9 0.193579766536965 0.5 0.048638132295719845 0.7916666666666666
6 0.29377431906614787 0.5 0.04669260700389105 0.9583333333333333
5 0.34922178988326846 0.5 0.04474708171206226 0.8333333333333333
0 0.40077821011673154 0.47916666666666663 0.038910505836575876 0.7916666666666666
8 0.45136186770428016 0.47916666666666663 0.042801556420233464 0.75
7 0.5525291828793775 0.46875 0.04669260700389105 0.8125
1 0.6079766536964981 0.4375 0.04474708171206226 0.75
7 0.6585603112840467 0.5 0.04474708171206226 0.7916666666666666
7 0.7120622568093385 0.47916666666666663 0.04669260700389105 0.8333333333333333
2 0.8103112840466926 0.4895833333333333 0.048638132295719845 0.7708333333333333
0 0.8647859922178989 0.4375 0.04474708171206226 0.75
9 0.9173151750972762 0.4895833333333333 0.048638132295719845 0.7708333333333333
8 0.9669260700389105 0.44791666666666663 0.04669260700389105 0.7708333333333333
