6 0.0290224032586558 0.4728682170542636 0.04378818737270875 0.6201550387596899
0 0.08095723014256619 0.4418604651162791 0.04786150712830957 0.6201550387596899
1 0.12983706720977595 0.4496124031007752 0.045824847250509164 0.6356589147286822
4 0.18329938900203666 0.437984496124031 0.052953156822810585 0.627906976744186
2 0.28156822810590626 0.44573643410852715 0.0580448065173116 0.5658914728682171
7 0.3396130346232179 0.4418604651162791 0.04175152749490835 0.6976744186046512
6 0.38900203665987776 0.43023255813953487 0.048879837067209775 0.6744186046511628
0 0.4414460285132382 0.43023255813953487 0.049898167006109974 0.6744186046511628
3 0.5417515274949083 0.4418604651162791 0.048879837067209775 0.6356589147286822
2 0.5936863543788187 0.46124031007751937 0.04684317718940936 0.689922480620155
3 0.6461303462321791 0.40310077519379844 0.04378818737270875 0.6821705426356589
1 0.6975560081466394 0.43410852713178294 0.05091649694501018 0.6976744186046512
7 0.7968431771894093 0.43023255813953487 0.056008146639511196 0.689922480620155
9 0.8528513238289205 0.40310077519379844 0.045824847250509164 0.6821705426356589
9 0.9032586558044806 0.437984496124031 0.04276985743380855 0.627906976744186
9 0.9531568228105906 0.40310077519379844 0.052953156822810585 0.6821705426356589
