6 0.03575685339690107 0.5 0.04767580452920143 0.7974683544303798
2 0.08820023837902265 0.4810126582278481 0.04767580452920143 0.7848101265822784
8 0.13825983313468415 0.47468354430379744 0.04529201430274136 0.7468354430379747
2 0.19129916567342073 0.43670886075949367 0.04410011918951132 0.7974683544303798
8 0.2926102502979738 0.4620253164556962 0.04648390941597139 0.7974683544303798
8 0.3420738974970202 0.45569620253164556 0.04052443384982121 0.7594936708860759
8 0.39332538736591177 0.45569620253164556 0.04529201430274136 0.7848101265822784
8 0.4475566150178784 0.44936708860759494 0.04410011918951132 0.7974683544303798
8 0.5482717520858165 0.45569620253164556 0.04290822407628128 0.7594936708860759
8 0.6001191895113229 0.43670886075949367 0.03933253873659118 0.8227848101265822
8 0.6501787842669845 0.5063291139240507 0.04171632896305125 0.7594936708860759
8 0.702622169249106 0.4810126582278481 0.04171632896305125 0.7848101265822784
8 0.8051251489868891 0.4810126582278481 0.03694874851013111 0.7848101265822784
8 0.8563766388557806 0.44936708860759494 0.04410011918951132 0.7468354430379747
8 0.9046483909415971 0.4810126582278481 0.04290822407628128 0.7341772151898734
8 0.9582836710369487 0.46835443037974683 0.03575685339690107 0.7594936708860759
