3 0.026156941649899398 0.5425531914893617 0.044265593561368215 0.7446808510638298
5 0.08148893360160966 0.5319148936170213 0.04225352112676057 0.7234042553191489
6 0.1267605633802817 0.5319148936170213 0.048289738430583505 0.7659574468085106
8 0.18511066398390344 0.5531914893617021 0.06036217303822938 0.7659574468085106
9 0.2927565392354125 0.5319148936170213 0.04627766599597586 0.7234042553191489
9 0.3450704225352113 0.5 0.04225352112676057 0.6170212765957447
0 0.39235412474849096 0.44680851063829785 0.044265593561368215 0.6808510638297872
0 0.44466800804828976 0.5106382978723404 0.044265593561368215 0.6808510638297872
0 0.551307847082495 0.4574468085106383 0.044265593561368215 0.7446808510638298
0 0.6036217303822938 0.46808510638297873 0.04024144869215292 0.6808510638297872
0 0.6559356136820926 0.5 0.044265593561368215 0.7021276595744681
0 0.7102615694164991 0.48936170212765956 0.052313883299798795 0.6808510638297872
5 0.8118712273641852 0.425531914893617 0.04225352112676057 0.6808510638297872
0 0.8651911468812878 0.44680851063829785 0.048289738430583505 0.7234042553191489
0 0.9175050301810866 0.46808510638297873 0.048289738430583505 0.7659574468085106
0 0.971830985915493 0.46808510638297873 0.048289738430583505 0.7659574468085106
