3 0.028169014084507046 0.5319148936170213 0.044265593561368215 0.6808510638297872
5 0.07847082494969819 0.5425531914893617 0.044265593561368215 0.6595744680851063
6 0.130784708249497 0.5531914893617021 0.04024144869215292 0.7659574468085106
8 0.18611670020120727 0.5106382978723404 0.04627766599597586 0.6382978723404256
9 0.2887323943661972 0.5212765957446809 0.04627766599597586 0.7446808510638298
9 0.3420523138832998 0.4574468085106383 0.04024144869215292 0.7446808510638298
0 0.3943661971830986 0.44680851063829785 0.044265593561368215 0.6808510638297872
0 0.4486921529175051 0.4574468085106383 0.048289738430583505 0.7446808510638298
0 0.5492957746478874 0.4574468085106383 0.044265593561368215 0.6595744680851063
0 0.6016096579476862 0.46808510638297873 0.044265593561368215 0.7234042553191489
0 0.6549295774647887 0.48936170212765956 0.04225352112676057 0.6808510638297872
0 0.7092555331991952 0.4574468085106383 0.04627766599597586 0.6595744680851063
5 0.8148893360160967 0.4574468085106383 0.052313883299798795 0.7872340425531915
0 0.8661971830985916 0.4148936170212766 0.04225352112676057 0.6595744680851063
0 0.9164989939637828 0.4148936170212766 0.04225352112676057 0.7021276595744681
0 0.9708249496981892 0.4361702127659574 0.05030181086519115 0.7021276595744681
