6 0.04156479217603912 0.5227272727272727 0.0488997555012225 0.7727272727272727
2 0.09168704156479218 0.5227272727272727 0.04645476772616137 0.8181818181818182
2 0.14792176039119803 0.5113636363636364 0.04645476772616137 0.75
1 0.20171149144254277 0.5227272727272727 0.05134474327628362 0.7727272727272727
6 0.2885085574572127 0.5340909090909091 0.05867970660146699 0.75
6 0.3471882640586797 0.5227272727272727 0.044009779951100246 0.7272727272727273
8 0.39731051344743273 0.46590909090909094 0.04645476772616137 0.75
8 0.45232273838630804 0.4545454545454546 0.05378973105134474 0.7727272727272727
8 0.5488997555012225 0.5227272727272727 0.04645476772616137 0.7272727272727273
8 0.6002444987775061 0.5113636363636364 0.04156479217603912 0.7045454545454546
8 0.6503667481662592 0.5227272727272727 0.044009779951100246 0.7272727272727273
8 0.7090464547677262 0.5113636363636364 0.05378973105134474 0.75
8 0.7970660146699267 0.5 0.044009779951100246 0.7272727272727273
8 0.8459657701711492 0.5 0.044009779951100246 0.7727272727272727
8 0.8985330073349633 0.5113636363636364 0.04156479217603912 0.75
8 0.9559902200488998 0.5568181818181819 0.044009779951100246 0.7045454545454546
