6 0.05015015015015015 0.5449101796407186 0.05345345345345345 0.7664670658682635
2 0.10960960960960961 0.5449101796407186 0.047447447447447444 0.7425149700598803
2 0.16606606606606605 0.5269461077844312 0.049849849849849845 0.7784431137724551
8 0.22192192192192192 0.5389221556886228 0.054654654654654654 0.7784431137724551
3 0.3243243243243243 0.5389221556886228 0.05525525525525525 0.8023952095808383
7 0.3810810810810811 0.5239520958083833 0.048648648648648644 0.8562874251497007
8 0.4282282282282282 0.5269461077844312 0.04324324324324324 0.7544910179640719
8 0.48018018018018016 0.4940119760479042 0.049849849849849845 0.8203592814371258
8 0.5777777777777777 0.5239520958083833 0.04564564564564565 0.7245508982035929
8 0.6258258258258258 0.5299401197604791 0.04924924924924925 0.940119760479042
8 0.6774774774774774 0.5119760479041916 0.04084084084084084 0.7724550898203594
8 0.7255255255255255 0.4880239520958084 0.04684684684684685 0.7005988023952097
8 0.814114114114114 0.4880239520958084 0.05345345345345345 0.6766467065868264
8 0.8672672672672672 0.5 0.04444444444444444 0.7964071856287426
8 0.9147147147147147 0.47305389221556887 0.03963963963963964 0.7784431137724551
8 0.9636636636636636 0.4850299401197605 0.04624624624624624 0.8023952095808383
