6 0.04007633587786259 0.609375 0.04961832061068702 0.71875
2 0.0916030534351145 0.5859375 0.04961832061068702 0.734375
2 0.14599236641221375 0.6015625 0.04389312977099236 0.640625
5 0.19751908396946563 0.5859375 0.047709923664122134 0.671875
7 0.29770992366412213 0.5625 0.04580152671755725 0.6875
5 0.3463740458015267 0.578125 0.04389312977099236 0.65625
8 0.3979007633587786 0.5703125 0.04389312977099236 0.640625
8 0.4484732824427481 0.546875 0.04580152671755725 0.65625
8 0.5458015267175572 0.5859375 0.04198473282442748 0.640625
8 0.5963740458015266 0.5625 0.04389312977099236 0.625
8 0.6459923664122137 0.5625 0.047709923664122134 0.65625
8 0.6984732824427481 0.5546875 0.05343511450381679 0.640625
8 0.7948473282442747 0.5625 0.051526717557251904 0.59375
8 0.8473282442748091 0.578125 0.04198473282442748 0.625
8 0.9007633587786259 0.546875 0.04580152671755725 0.625
8 0.950381679389313 0.578125 0.05343511450381679 0.75
