5 0.05018939393939394 0.5909090909090908 0.043560606060606064 0.6727272727272727
2 0.09943181818181819 0.5909090909090908 0.043560606060606064 0.6727272727272727
3 0.1534090909090909 0.6 0.04166666666666667 0.6545454545454545
6 0.20265151515151517 0.5636363636363636 0.04924242424242424 0.7636363636363636
4 0.3020833333333333 0.5 0.043560606060606064 0.7454545454545454
9 0.3560606060606061 0.5636363636363636 0.045454545454545456 0.7636363636363636
8 0.40530303030303033 0.5 0.045454545454545456 0.8545454545454545
8 0.456439393939394 0.4909090909090909 0.05303030303030303 0.8363636363636363
8 0.5492424242424243 0.5272727272727272 0.05303030303030303 0.6909090909090909
8 0.6041666666666666 0.5363636363636364 0.045454545454545456 0.7454545454545454
8 0.6524621212121212 0.4727272727272727 0.04734848484848485 0.7999999999999999
8 0.7017045454545455 0.43636363636363634 0.05113636363636364 0.8363636363636363
8 0.7973484848484849 0.5454545454545454 0.04924242424242424 0.7636363636363636
8 0.8475378787878788 0.5363636363636364 0.04734848484848485 0.7454545454545454
8 0.8948863636363636 0.5272727272727272 0.04734848484848485 0.7999999999999999
8 0.9422348484848485 0.5 0.04734848484848485 0.7454545454545454
