6 0.039691943127962086 0.46987951807228917 0.0485781990521327 0.7951807228915663
2 0.09300947867298578 0.46385542168674704 0.0485781990521327 0.855421686746988
2 0.1457345971563981 0.4879518072289157 0.047393364928909956 0.8072289156626506
8 0.19609004739336494 0.49397590361445787 0.04620853080568721 0.7710843373493976
3 0.2962085308056872 0.47590361445783136 0.05213270142180095 0.8072289156626506
7 0.3501184834123223 0.47590361445783136 0.04620853080568721 0.855421686746988
8 0.39988151658767773 0.4879518072289157 0.04383886255924171 0.8313253012048193
8 0.4520142180094787 0.47590361445783136 0.0485781990521327 0.8072289156626506
8 0.5509478672985783 0.49397590361445787 0.04976303317535545 0.746987951807229
8 0.604265402843602 0.5120481927710844 0.04502369668246446 0.7590361445783133
8 0.6546208530805687 0.47590361445783136 0.04620853080568721 0.8072289156626506
8 0.705568720379147 0.5060240963855422 0.0485781990521327 0.8674698795180723
8 0.8050947867298579 0.47590361445783136 0.050947867298578205 0.783132530120482
8 0.8572274881516588 0.46385542168674704 0.0485781990521327 0.783132530120482
8 0.9093601895734598 0.46987951807228917 0.0485781990521327 0.7710843373493976
8 0.9614928909952607 0.49397590361445787 0.050947867298578205 0.8433734939759037
