6 0.04716981132075472 0.5175438596491228 0.04821802935010482 0.6842105263157894
2 0.10167714884696018 0.5175438596491228 0.039832285115303984 0.6491228070175439
2 0.1530398322851153 0.5263157894736842 0.04612159329140461 0.631578947368421
5 0.20545073375262055 0.47368421052631576 0.04612159329140461 0.6666666666666666
7 0.3008385744234801 0.5175438596491228 0.04821802935010482 0.7192982456140351
5 0.35429769392033544 0.5175438596491228 0.04612159329140461 0.7192982456140351
8 0.39937106918238996 0.5087719298245614 0.04402515723270441 0.6666666666666666
8 0.45492662473794554 0.5350877192982456 0.050314465408805034 0.6140350877192982
8 0.549266247379455 0.5438596491228069 0.04612159329140461 0.6666666666666666
8 0.59958071278826 0.5438596491228069 0.04612159329140461 0.631578947368421
8 0.6519916142557652 0.5438596491228069 0.050314465408805034 0.7017543859649122
8 0.7023060796645703 0.5350877192982456 0.04612159329140461 0.6842105263157894
8 0.7914046121593292 0.5438596491228069 0.052410901467505246 0.6666666666666666
8 0.8480083857442349 0.5263157894736842 0.04402515723270441 0.6666666666666666
8 0.8972746331236898 0.5438596491228069 0.04612159329140461 0.6666666666666666
8 0.949685534591195 0.5350877192982456 0.050314465408805034 0.6140350877192982
