6 0.041970802919708027 0.5166666666666666 0.051094890510948905 0.7
2 0.09945255474452555 0.6083333333333333 0.041970802919708027 0.7833333333333333
2 0.14507299270072993 0.5833333333333334 0.041970802919708027 0.7333333333333333
5 0.20164233576642335 0.5666666666666667 0.05656934306569343 0.7
7 0.30291970802919704 0.5666666666666667 0.040145985401459854 0.6666666666666666
5 0.3512773722627737 0.575 0.04562043795620438 0.7166666666666667
8 0.4005474452554744 0.5666666666666667 0.03832116788321168 0.6333333333333333
8 0.447992700729927 0.55 0.04562043795620438 0.5666666666666667
8 0.5456204379562044 0.5666666666666667 0.051094890510948905 0.6333333333333333
8 0.6031021897810219 0.5583333333333333 0.04562043795620438 0.7166666666666667
8 0.6505474452554745 0.5666666666666667 0.04562043795620438 0.7
8 0.7007299270072993 0.5666666666666667 0.04744525547445255 0.7
8 0.7983576642335766 0.5583333333333333 0.049270072992700725 0.65
8 0.8540145985401459 0.5416666666666666 0.043795620437956206 0.7166666666666667
8 0.9041970802919708 0.5333333333333333 0.041970802919708027 0.7
8 0.958029197080292 0.525 0.051094890510948905 0.7166666666666667
