6 0.05163511187607573 0.46774193548387094 0.05163511187607573 0.7096774193548387
2 0.10929432013769363 0.4838709677419355 0.049913941480206545 0.8064516129032258
2 0.16179001721170397 0.4758064516129032 0.04475043029259897 0.8548387096774194
5 0.2160068846815835 0.5241935483870968 0.04647160068846816 0.7580645161290323
7 0.30808950086058523 0.45161290322580644 0.04475043029259897 0.6774193548387096
5 0.35714285714285715 0.4596774193548387 0.04647160068846816 0.6935483870967741
8 0.4079173838209983 0.4838709677419355 0.04819277108433735 0.7419354838709677
8 0.45783132530120485 0.4838709677419355 0.04475043029259897 0.7419354838709677
8 0.5490533562822719 0.5 0.055077452667814115 0.7096774193548387
8 0.6041308089500861 0.5080645161290323 0.04475043029259897 0.7903225806451613
8 0.6506024096385542 0.46774193548387094 0.04475043029259897 0.7096774193548387
8 0.6987951807228916 0.5 0.04819277108433735 0.7741935483870968
8 0.7900172117039587 0.4838709677419355 0.055077452667814115 0.7096774193548387
8 0.8399311531841652 0.49193548387096775 0.04475043029259897 0.7580645161290323
8 0.887263339070568 0.4758064516129032 0.04302925989672978 0.7903225806451613
8 0.93631669535284 0.4838709677419355 0.04819277108433735 0.7419354838709677
