6 0.050292397660818715 0.5489130434782609 0.044444444444444446 0.6847826086956521
2 0.09824561403508772 0.5543478260869565 0.04678362573099415 0.7391304347826086
2 0.15146198830409358 0.532608695652174 0.0456140350877193 0.7826086956521738
2 0.2017543859649123 0.5271739130434783 0.047953216374269005 0.7717391304347826
5 0.2982456140350877 0.5706521739130435 0.04912280701754386 0.6847826086956521
2 0.3485380116959064 0.5706521739130435 0.04912280701754386 0.7282608695652174
8 0.39941520467836256 0.5543478260869565 0.047953216374269005 0.6956521739130435
8 0.45087719298245615 0.5760869565217391 0.047953216374269005 0.717391304347826
8 0.5485380116959064 0.5597826086956521 0.04678362573099415 0.6847826086956521
8 0.6 0.5597826086956521 0.044444444444444446 0.6630434782608695
8 0.6508771929824562 0.5380434782608695 0.0456140350877193 0.7065217391304348
8 0.7052631578947368 0.5652173913043478 0.04678362573099415 0.7391304347826086
8 0.8023391812865497 0.5978260869565217 0.04678362573099415 0.6956521739130435
8 0.8538011695906433 0.5706521739130435 0.04678362573099415 0.7282608695652174
8 0.9046783625730994 0.592391304347826 0.0456140350877193 0.7282608695652174
8 0.9543859649122807 0.5489130434782609 0.04912280701754386 0.7065217391304348
