6 0.025219298245614034 0.5980392156862745 0.041666666666666664 0.6470588235294118
2 0.07675438596491227 0.6176470588235294 0.043859649122807015 0.7254901960784313
2 0.1282894736842105 0.6078431372549019 0.046052631578947366 0.7843137254901961
5 0.1820175438596491 0.5490196078431373 0.05263157894736842 0.7058823529411764
7 0.28289473684210525 0.5294117647058824 0.05263157894736842 0.6666666666666666
5 0.3355263157894737 0.5294117647058824 0.04824561403508772 0.7058823529411764
8 0.38596491228070173 0.5098039215686274 0.043859649122807015 0.6274509803921569
8 0.43530701754385964 0.49019607843137253 0.046052631578947366 0.7058823529411764
8 0.5328947368421052 0.4803921568627451 0.05263157894736842 0.803921568627451
8 0.587719298245614 0.5098039215686274 0.043859649122807015 0.8235294117647058
8 0.6403508771929824 0.45098039215686275 0.043859649122807015 0.7450980392156863
8 0.6896929824561403 0.4215686274509804 0.046052631578947366 0.7254901960784313
8 0.7916666666666666 0.43137254901960786 0.05263157894736842 0.7450980392156863
8 0.844298245614035 0.38235294117647056 0.043859649122807015 0.7254901960784313
8 0.8925438596491228 0.38235294117647056 0.04824561403508772 0.7254901960784313
8 0.9451754385964912 0.37254901960784315 0.043859649122807015 0.6666666666666666
