6 0.05415860735009671 0.525 0.04642166344294004 0.5833333333333334
2 0.10541586073500968 0.525 0.04448742746615087 0.65
2 0.1586073500967118 0.5833333333333334 0.0425531914893617 0.6666666666666666
5 0.2127659574468085 0.5333333333333333 0.05415860735009671 0.6666666666666666
7 0.30174081237911027 0.49166666666666664 0.05029013539651837 0.6166666666666667
5 0.3529980657640232 0.5083333333333333 0.04448742746615087 0.6166666666666667
8 0.40135396518375244 0.5166666666666666 0.04061895551257253 0.6
8 0.44874274661508706 0.5 0.0425531914893617 0.6
8 0.5425531914893617 0.5583333333333333 0.04835589941972921 0.65
8 0.5957446808510638 0.5416666666666666 0.0425531914893617 0.5833333333333334
8 0.6411992263056093 0.55 0.04835589941972921 0.6333333333333333
8 0.6914893617021277 0.5666666666666667 0.04448742746615087 0.5666666666666667
8 0.7882011605415861 0.5083333333333333 0.05222437137330754 0.6166666666666667
8 0.8413926499032882 0.55 0.0425531914893617 0.6
8 0.8897485493230174 0.5333333333333333 0.04642166344294004 0.7333333333333333
8 0.9390715667311412 0.525 0.04835589941972921 0.7166666666666667
