6 0.046198830409356725 0.5434782608695652 0.050292397660818715 0.7826086956521738
2 0.1 0.532608695652174 0.04093567251461988 0.7391304347826086
2 0.15029239766081873 0.5434782608695652 0.047953216374269005 0.7608695652173912
2 0.20058479532163742 0.5760869565217391 0.050292397660818715 0.6956521739130435
5 0.2964912280701754 0.5706521739130435 0.047953216374269005 0.7282608695652174
2 0.3508771929824561 0.5597826086956521 0.04678362573099415 0.75
8 0.4 0.5543478260869565 0.042105263157894736 0.717391304347826
8 0.4497076023391813 0.5434782608695652 0.047953216374269005 0.6739130434782609
8 0.5467836257309941 0.5380434782608695 0.0456140350877193 0.6630434782608695
8 0.5970760233918129 0.5543478260869565 0.050292397660818715 0.6956521739130435
8 0.6514619883040936 0.592391304347826 0.04678362573099415 0.6847826086956521
8 0.7017543859649122 0.5706521739130435 0.05380116959064327 0.7065217391304348
8 0.8058479532163743 0.5869565217391304 0.04678362573099415 0.6304347826086957
8 0.8532163742690059 0.5434782608695652 0.04327485380116959 0.717391304347826
8 0.9052631578947369 0.5706521739130435 0.044444444444444446 0.7282608695652174
8 0.9555555555555556 0.5543478260869565 0.04678362573099415 0.7391304347826086
