6 0.04373757455268389 0.5849056603773585 0.04373757455268389 0.6792452830188679
2 0.09443339960238567 0.5849056603773585 0.04572564612326043 0.830188679245283
2 0.14910536779324055 0.5566037735849056 0.04771371769383698 0.7735849056603773
5 0.20178926441351885 0.5471698113207547 0.049701789264413515 0.9056603773584906
7 0.30318091451292245 0.5377358490566038 0.041749502982107355 0.7735849056603773
6 0.34990059642147114 0.5566037735849056 0.04373757455268389 0.8113207547169811
8 0.4015904572564612 0.5188679245283019 0.04373757455268389 0.7735849056603773
8 0.45526838966202776 0.5094339622641509 0.05168986083499005 0.7924528301886792
8 0.5497017892644135 0.49056603773584906 0.049701789264413515 0.7924528301886792
8 0.6013916500994035 0.5 0.04572564612326043 0.7735849056603773
8 0.6500994035785288 0.49056603773584906 0.04373757455268389 0.7924528301886792
8 0.7027833001988071 0.49056603773584906 0.05367793240556659 0.7924528301886792
8 0.7972166998011928 0.4433962264150943 0.05168986083499005 0.6981132075471698
8 0.8489065606361829 0.5 0.04373757455268389 0.7735849056603773
8 0.897614314115308 0.5 0.04572564612326043 0.8113207547169811
8 0.9502982107355864 0.5 0.05566600397614314 0.8113207547169811
