5 0.027713625866050806 0.46590909090909094 0.050808314087759814 0.7954545454545455
2 0.08314087759815242 0.5 0.050808314087759814 0.8181818181818182
5 0.13856812933025403 0.5 0.050808314087759814 0.8181818181818182
7 0.19168591224018475 0.48863636363636365 0.050808314087759814 0.75
8 0.2863741339491917 0.48863636363636365 0.050808314087759814 0.7954545454545455
6 0.3441108545034642 0.5113636363636364 0.05542725173210161 0.8863636363636364
3 0.40300230946882215 0.48863636363636365 0.04849884526558891 0.8409090909090909
7 0.4607390300230947 0.4431818181818182 0.04849884526558891 0.8409090909090909
6 0.5531177829099307 0.5113636363636364 0.057736720554272515 0.8863636363636364
8 0.6085450346420324 0.5 0.053117782909930716 0.8636363636363636
0 0.6662817551963048 0.5113636363636364 0.053117782909930716 0.9318181818181819
8 0.720554272517321 0.5113636363636364 0.046189376443418015 0.9318181818181819
2 0.8233256351039261 0.5 0.057736720554272515 0.9090909090909092
8 0.8787528868360277 0.48863636363636365 0.04849884526558891 0.7954545454545455
2 0.9295612009237875 0.5113636363636364 0.04849884526558891 0.7954545454545455
8 0.9803695150115473 0.5340909090909091 0.03926096997690531 0.8863636363636364
