6 0.025442477876106193 0.520408163265306 0.046460176991150445 0.7551020408163265
2 0.07964601769911504 0.520408163265306 0.048672566371681415 0.7142857142857142
2 0.13716814159292035 0.49999999999999994 0.03982300884955752 0.7142857142857142
5 0.1913716814159292 0.520408163265306 0.05530973451327434 0.7551020408163265
7 0.2942477876106195 0.4897959183673469 0.05309734513274336 0.7755102040816326
5 0.34845132743362833 0.5102040816326531 0.046460176991150445 0.7346938775510203
8 0.4004424778761062 0.49999999999999994 0.04424778761061947 0.7959183673469387
8 0.4524336283185841 0.5102040816326531 0.046460176991150445 0.7755102040816326
8 0.5519911504424778 0.4693877551020408 0.046460176991150445 0.6938775510204082
8 0.6050884955752213 0.49999999999999994 0.046460176991150445 0.7142857142857142
8 0.6581858407079646 0.47959183673469385 0.04203539823008849 0.673469387755102
8 0.7101769911504424 0.520408163265306 0.048672566371681415 0.7142857142857142
8 0.8097345132743363 0.47959183673469385 0.048672566371681415 0.7142857142857142
8 0.8639380530973452 0.4693877551020408 0.046460176991150445 0.7346938775510203
8 0.9126106194690266 0.4591836734693877 0.04203539823008849 0.7142857142857142
8 0.9646017699115044 0.49999999999999994 0.048672566371681415 0.7142857142857142
