5 0.026558891454965358 0.46590909090909094 0.04849884526558891 0.8409090909090909
2 0.07967667436489607 0.46590909090909094 0.04849884526558891 0.7954545454545455
5 0.1351039260969977 0.4772727272727273 0.053117782909930716 0.8636363636363636
7 0.19168591224018475 0.46590909090909094 0.05542725173210161 0.8863636363636364
8 0.28752886836027713 0.48863636363636365 0.057736720554272515 0.8409090909090909
6 0.3464203233256351 0.5340909090909091 0.050808314087759814 0.8409090909090909
3 0.4006928406466513 0.4772727272727273 0.04849884526558891 0.8181818181818182
7 0.45958429561200925 0.48863636363636365 0.050808314087759814 0.8409090909090909
6 0.5531177829099307 0.48863636363636365 0.053117782909930716 0.8409090909090909
8 0.6131639722863741 0.5113636363636364 0.04849884526558891 0.7954545454545455
0 0.6662817551963048 0.5 0.04849884526558891 0.8636363636363636
8 0.7182448036951501 0.48863636363636365 0.046189376443418015 0.8409090909090909
2 0.8210161662817552 0.48863636363636365 0.057736720554272515 0.75
8 0.8775981524249422 0.5454545454545454 0.050808314087759814 0.7272727272727273
2 0.9330254041570438 0.5113636363636364 0.050808314087759814 0.75
8 0.9803695150115473 0.5227272727272727 0.03926096997690531 0.7727272727272727
