6 0.048538011695906436 0.5489130434782609 0.0456140350877193 0.7065217391304348
2 0.09707602339181287 0.5489130434782609 0.04678362573099415 0.7065217391304348
2 0.1497076023391813 0.5597826086956521 0.04678362573099415 0.7065217391304348
2 0.2017543859649123 0.5597826086956521 0.04327485380116959 0.7934782608695652
5 0.2976608187134503 0.5815217391304348 0.047953216374269005 0.7282608695652174
2 0.3485380116959064 0.5489130434782609 0.044444444444444446 0.7717391304347826
8 0.4 0.532608695652174 0.04678362573099415 0.7391304347826086
8 0.4497076023391813 0.5652173913043478 0.047953216374269005 0.7391304347826086
8 0.5497076023391813 0.5380434782608695 0.04912280701754386 0.6195652173913043
8 0.6011695906432749 0.5543478260869565 0.044444444444444446 0.717391304347826
8 0.6532163742690058 0.5597826086956521 0.0456140350877193 0.7065217391304348
8 0.7058479532163743 0.5869565217391304 0.0456140350877193 0.7391304347826086
8 0.8017543859649123 0.5652173913043478 0.050292397660818715 0.717391304347826
8 0.8555555555555556 0.5652173913043478 0.04327485380116959 0.8043478260869565
8 0.9046783625730994 0.5217391304347826 0.04327485380116959 0.7391304347826086
8 0.9578947368421052 0.532608695652174 0.05146198830409357 0.8260869565217391
