6 0.029921259842519685 0.5087719298245614 0.050393700787401574 0.8421052631578947
2 0.0858267716535433 0.5438596491228069 0.048818897637795275 0.8771929824561403
2 0.13937007874015747 0.5087719298245614 0.04566929133858268 0.9122807017543859
6 0.19133858267716536 0.5175438596491228 0.05196850393700787 0.894736842105263
2 0.2889763779527559 0.5 0.04566929133858268 0.8596491228070176
2 0.34409448818897637 0.5263157894736842 0.04566929133858268 0.8421052631578947
6 0.39448818897637794 0.48245614035087714 0.048818897637795275 0.8245614035087718
5 0.4519685039370079 0.5087719298245614 0.05354330708661417 0.8421052631578947
0 0.5496062992125984 0.47368421052631576 0.050393700787401574 0.9122807017543859
4 0.6047244094488189 0.45614035087719296 0.047244094488188976 0.8070175438596491
3 0.6574803149606299 0.4473684210526315 0.05196850393700787 0.8596491228070176
9 0.7133858267716535 0.4649122807017544 0.05669291338582677 0.894736842105263
0 0.8078740157480315 0.4473684210526315 0.05669291338582677 0.7894736842105263
3 0.8661417322834646 0.4649122807017544 0.047244094488188976 0.8245614035087718
3 0.9173228346456693 0.4473684210526315 0.048818897637795275 0.8596491228070176
3 0.9716535433070866 0.45614035087719296 0.050393700787401574 0.8421052631578947
