6 0.025386313465783666 0.5543478260869565 0.046357615894039736 0.8043478260869565
2 0.08388520971302428 0.5760869565217391 0.04856512141280353 0.7608695652173912
2 0.141280353200883 0.5760869565217391 0.052980132450331126 0.8043478260869565
5 0.19646799116997793 0.5434782608695652 0.052980132450331126 0.7391304347826086
7 0.2980132450331126 0.5760869565217391 0.052980132450331126 0.717391304347826
5 0.3498896247240618 0.5108695652173912 0.046357615894039736 0.8043478260869565
8 0.40286975717439294 0.5543478260869565 0.046357615894039736 0.717391304347826
8 0.45364238410596025 0.5217391304347826 0.046357615894039736 0.7391304347826086
8 0.5551876379690949 0.5217391304347826 0.05077262693156733 0.6956521739130435
8 0.608167770419426 0.5108695652173912 0.046357615894039736 0.8043478260869565
8 0.6611479028697572 0.5108695652173912 0.05077262693156733 0.8043478260869565
8 0.7130242825607064 0.44565217391304346 0.04856512141280353 0.8478260869565217
8 0.8090507726269316 0.4782608695652174 0.059602649006622516 0.7826086956521738
8 0.8642384105960265 0.5 0.05077262693156733 0.8260869565217391
8 0.9139072847682119 0.4782608695652174 0.04856512141280353 0.7826086956521738
8 0.9646799116997793 0.46739130434782605 0.04415011037527594 0.8043478260869565
