6 0.019546027742749054 0.4583333333333333 0.03656998738965952 0.8888888888888888
2 0.06809583858764187 0.45138888888888884 0.04791929382093316 0.8472222222222222
2 0.1235813366960908 0.4722222222222222 0.04539722572509458 0.8333333333333333
6 0.17906683480453972 0.5138888888888888 0.05044136191677175 0.861111111111111
0 0.2824716267339218 0.47916666666666663 0.05296343001261034 0.8194444444444444
1 0.33984867591424966 0.47916666666666663 0.044136191677175286 0.8472222222222222
8 0.39470365699873894 0.4722222222222222 0.05044136191677175 0.8333333333333333
8 0.44640605296343 0.47916666666666663 0.04287515762925599 0.8194444444444444
8 0.5517023959646911 0.4861111111111111 0.05926860025220681 0.8888888888888888
8 0.6103404791929382 0.47916666666666663 0.05044136191677175 0.8194444444444444
8 0.6620428751576293 0.4444444444444444 0.05044136191677175 0.8055555555555555
8 0.7187894073139974 0.4861111111111111 0.05296343001261034 0.861111111111111
8 0.8215636822194199 0.4722222222222222 0.05422446406052964 0.8333333333333333
8 0.8776796973518285 0.4930555555555555 0.04539722572509458 0.9305555555555555
8 0.9312736443883984 0.4722222222222222 0.04665825977301387 0.8055555555555555
8 0.9817150063051703 0.4861111111111111 0.03656998738965952 0.8888888888888888
