6 0.023622047244094488 0.4909090909090909 0.04409448818897638 0.8363636363636363
2 0.07559055118110236 0.4818181818181818 0.05354330708661417 0.8909090909090909
2 0.13070866141732285 0.4818181818181818 0.047244094488188976 0.8181818181818181
6 0.18346456692913385 0.5181818181818182 0.05196850393700787 0.9272727272727272
0 0.2866141732283465 0.4818181818181818 0.05354330708661417 0.8181818181818181
0 0.3425196850393701 0.5 0.048818897637795275 0.8545454545454545
8 0.39370078740157477 0.4818181818181818 0.047244094488188976 0.8545454545454545
8 0.44881889763779526 0.4909090909090909 0.05354330708661417 0.9090909090909091
8 0.5488188976377952 0.509090909090909 0.05196850393700787 0.9090909090909091
8 0.6062992125984252 0.4909090909090909 0.047244094488188976 0.9090909090909091
8 0.658267716535433 0.5 0.047244094488188976 0.8545454545454545
8 0.7110236220472441 0.509090909090909 0.05196850393700787 0.8727272727272727
8 0.8141732283464567 0.509090909090909 0.05984251968503937 0.9454545454545454
8 0.8724409448818897 0.5 0.050393700787401574 0.8545454545454545
8 0.925984251968504 0.4818181818181818 0.047244094488188976 0.8181818181818181
8 0.9779527559055118 0.509090909090909 0.04409448818897638 0.8727272727272727
