6 0.026497695852534562 0.51 0.04838709677419355 0.8200000000000001
2 0.08410138248847926 0.47000000000000003 0.04838709677419355 0.7000000000000001
2 0.1359447004608295 0.47000000000000003 0.04608294930875576 0.7000000000000001
5 0.1935483870967742 0.47000000000000003 0.05069124423963134 0.74
7 0.2960829493087558 0.5 0.04838709677419355 0.72
6 0.3456221198156682 0.49 0.04608294930875576 0.74
8 0.3974654377880184 0.49 0.04377880184331797 0.7000000000000001
8 0.44815668202764974 0.49 0.04377880184331797 0.7000000000000001
8 0.5426267281105991 0.49 0.052995391705069124 0.74
8 0.6025345622119815 0.53 0.04838709677419355 0.74
8 0.6543778801843319 0.52 0.04608294930875576 0.72
8 0.7073732718894009 0.56 0.05069124423963134 0.8
8 0.8029953917050692 0.55 0.04838709677419355 0.74
8 0.8559907834101382 0.53 0.04838709677419355 0.78
8 0.9066820276497696 0.55 0.04838709677419355 0.8200000000000001
8 0.9596774193548387 0.53 0.04377880184331797 0.74
