6 0.03535353535353536 0.494047619047619 0.046015712682379355 0.9166666666666666
2 0.08866442199775534 0.5119047619047619 0.044893378226711564 0.8333333333333333
2 0.14197530864197533 0.4583333333333333 0.04826038159371493 0.8452380952380952
6 0.19304152637485972 0.4821428571428571 0.04264870931537598 0.8928571428571428
1 0.29236812570145904 0.5178571428571428 0.046015712682379355 0.8452380952380952
8 0.34455667789001126 0.4880952380952381 0.047138047138047146 0.7857142857142857
8 0.39506172839506176 0.47619047619047616 0.044893378226711564 0.8095238095238095
8 0.45061728395061734 0.5 0.05050505050505051 0.8809523809523809
8 0.5488215488215489 0.4821428571428571 0.051627384960718295 0.8214285714285714
8 0.6038159371492705 0.5059523809523809 0.04938271604938272 0.8452380952380952
8 0.654320987654321 0.494047619047619 0.047138047138047146 0.8214285714285714
8 0.7070707070707072 0.4880952380952381 0.05611672278338946 0.8333333333333333
8 0.8058361391694726 0.4583333333333333 0.051627384960718295 0.8928571428571428
8 0.8613916947250281 0.4583333333333333 0.046015712682379355 0.869047619047619
8 0.9130190796857465 0.47619047619047616 0.04826038159371493 0.8333333333333333
8 0.9668911335578003 0.46428571428571425 0.04826038159371493 0.9047619047619047
