4 0.03102836879432624 0.46 0.047872340425531915 0.88
3 0.08599290780141844 0.5 0.04078014184397163 0.92
9 0.1374113475177305 0.5 0.044326241134751775 0.92
2 0.19237588652482268 0.53 0.051418439716312055 0.9
6 0.2898936170212766 0.51 0.051418439716312055 0.9
0 0.3457446808510638 0.5 0.04609929078014184 0.92
8 0.3953900709219858 0.48 0.0425531914893617 0.88
8 0.450354609929078 0.51 0.05319148936170213 0.9
8 0.5478723404255319 0.47000000000000003 0.04964539007092199 0.8200000000000001
8 0.6019503546099291 0.48 0.044326241134751775 0.88
8 0.6533687943262411 0.49 0.04078014184397163 0.86
8 0.7083333333333334 0.45 0.047872340425531915 0.86
8 0.8049645390070922 0.44 0.04609929078014184 0.84
8 0.8581560283687943 0.48 0.04609929078014184 0.88
8 0.9104609929078014 0.48 0.047872340425531915 0.92
8 0.9627659574468085 0.46 0.04964539007092199 0.84
