6 0.03198653198653199 0.4583333333333333 0.05050505050505051 0.8928571428571428
2 0.08698092031425365 0.47619047619047616 0.05050505050505051 0.8809523809523809
2 0.13973063973063973 0.5119047619047619 0.04377104377104377 0.8571428571428571
6 0.19023569023569026 0.4821428571428571 0.046015712682379355 0.9404761904761905
1 0.29012345679012347 0.5119047619047619 0.046015712682379355 0.8571428571428571
8 0.34511784511784516 0.5 0.04826038159371493 0.7857142857142857
8 0.3984287317620651 0.494047619047619 0.047138047138047146 0.7976190476190476
8 0.44949494949494956 0.494047619047619 0.05050505050505051 0.7976190476190476
8 0.5488215488215489 0.47023809523809523 0.051627384960718295 0.8928571428571428
8 0.6043771043771045 0.494047619047619 0.04826038159371493 0.8452380952380952
8 0.654320987654321 0.4821428571428571 0.04264870931537598 0.8452380952380952
8 0.7048260381593715 0.4821428571428571 0.05387205387205388 0.8214285714285714
8 0.8063973063973064 0.4821428571428571 0.04826038159371493 0.8214285714285714
8 0.8585858585858587 0.4345238095238095 0.044893378226711564 0.8214285714285714
8 0.910213243546577 0.4880952380952381 0.044893378226711564 0.8095238095238095
8 0.9624017957351292 0.5059523809523809 0.052749719416386086 0.869047619047619
