8 0.03463203463203463 0.5230769230769231 0.046176046176046176 0.8615384615384616
8 0.08513708513708514 0.46923076923076923 0.046176046176046176 0.8769230769230769
8 0.13564213564213565 0.5076923076923077 0.046176046176046176 0.8615384615384616
8 0.18614718614718614 0.5153846153846154 0.049062049062049064 0.8461538461538463
8 0.28715728715728717 0.5076923076923077 0.05194805194805195 0.8615384615384616
8 0.341991341991342 0.49230769230769234 0.046176046176046176 0.8307692307692308
8 0.39105339105339104 0.4538461538461539 0.049062049062049064 0.8461538461538463
8 0.4444444444444444 0.48461538461538467 0.049062049062049064 0.8461538461538463
8 0.5454545454545454 0.46153846153846156 0.05194805194805195 0.7692307692307693
8 0.5974025974025974 0.4538461538461539 0.04329004329004329 0.8461538461538463
0 0.6479076479076479 0.46923076923076923 0.046176046176046176 0.7846153846153847
3 0.7005772005772006 0.4461538461538462 0.050505050505050504 0.8
9 0.7994227994227994 0.43846153846153846 0.05194805194805195 0.8461538461538463
9 0.8528138528138528 0.4307692307692308 0.046176046176046176 0.8
3 0.9040404040404041 0.4461538461538462 0.044733044733044736 0.8
8 0.9552669552669553 0.43846153846153846 0.046176046176046176 0.8153846153846154
