8 0.03823953823953824 0.48461538461538467 0.047619047619047616 0.9076923076923078
8 0.0873015873015873 0.5 0.04184704184704185 0.8153846153846154
8 0.13636363636363635 0.5153846153846154 0.047619047619047616 0.8769230769230769
8 0.18759018759018758 0.46153846153846156 0.046176046176046176 0.8307692307692308
8 0.29004329004329005 0.5230769230769231 0.049062049062049064 0.8615384615384616
8 0.3434343434343434 0.47692307692307695 0.04329004329004329 0.8923076923076924
8 0.39105339105339104 0.5 0.04329004329004329 0.9076923076923078
8 0.4458874458874459 0.46923076923076923 0.05483405483405483 0.9076923076923078
8 0.5440115440115441 0.47692307692307695 0.046176046176046176 0.8307692307692308
8 0.5974025974025974 0.48461538461538467 0.05194805194805195 0.8153846153846154
0 0.6507936507936508 0.5076923076923077 0.049062049062049064 0.8923076923076924
3 0.7034632034632035 0.48461538461538467 0.047619047619047616 0.8769230769230769
9 0.7994227994227994 0.4307692307692308 0.06060606060606061 0.8307692307692308
9 0.854978354978355 0.43846153846153846 0.050505050505050504 0.8153846153846154
3 0.9040404040404041 0.4153846153846154 0.044733044733044736 0.7692307692307693
8 0.9523809523809523 0.39230769230769236 0.046176046176046176 0.7538461538461538
