6 0.04616895874263261 0.5096153846153847 0.045186640471512766 0.75
2 0.09626719056974459 0.5288461538461539 0.043222003929273084 0.7884615384615385
2 0.1473477406679764 0.5 0.043222003929273084 0.8461538461538463
2 0.19449901768172886 0.4903846153846154 0.04715127701375245 0.75
3 0.29371316306483297 0.5096153846153847 0.05304518664047151 0.7115384615384616
5 0.3467583497053045 0.5192307692307693 0.045186640471512766 0.7692307692307693
0 0.39489194499017677 0.5288461538461539 0.04715127701375245 0.75
0 0.4440078585461689 0.5096153846153847 0.04715127701375245 0.7884615384615385
3 0.5402750491159135 0.576923076923077 0.05108055009823182 0.7307692307692308
8 0.5923379174852652 0.5 0.041257367387033395 0.7692307692307693
3 0.6444007858546168 0.5384615384615385 0.04715127701375245 0.8461538461538463
8 0.6954813359528487 0.5384615384615385 0.04715127701375245 0.7692307692307693
3 0.7976424361493123 0.576923076923077 0.05108055009823182 0.7307692307692308
3 0.849705304518664 0.5384615384615385 0.041257367387033395 0.8076923076923077
3 0.8968565815324164 0.5096153846153847 0.045186640471512766 0.8653846153846154
3 0.9489194499017681 0.5288461538461539 0.05108055009823182 0.9423076923076924
