8 0.03463203463203463 0.5076923076923077 0.049062049062049064 0.7692307692307693
8 0.08513708513708514 0.5230769230769231 0.046176046176046176 0.7692307692307693
8 0.1378066378066378 0.5384615384615385 0.044733044733044736 0.7384615384615385
8 0.18759018759018758 0.49230769230769234 0.046176046176046176 0.8307692307692308
8 0.2886002886002886 0.46923076923076923 0.046176046176046176 0.8153846153846154
8 0.3398268398268398 0.5153846153846154 0.044733044733044736 0.8769230769230769
8 0.39105339105339104 0.48461538461538467 0.05194805194805195 0.8153846153846154
8 0.44372294372294374 0.46923076923076923 0.047619047619047616 0.7846153846153847
8 0.5432900432900433 0.4538461538461539 0.05627705627705628 0.8461538461538463
8 0.5966810966810967 0.43846153846153846 0.047619047619047616 0.8153846153846154
0 0.6479076479076479 0.5076923076923077 0.05194805194805195 0.8615384615384616
3 0.7012987012987013 0.46923076923076923 0.05194805194805195 0.8153846153846154
9 0.7972582972582972 0.4461538461538462 0.05339105339105339 0.8307692307692308
9 0.8528138528138528 0.4538461538461539 0.046176046176046176 0.7846153846153847
3 0.9018759018759018 0.4 0.04329004329004329 0.7384615384615385
8 0.9545454545454546 0.4153846153846154 0.05339105339105339 0.8
