6 0.04437869822485207 0.4264705882352941 0.05088757396449704 0.7352941176470588
2 0.09349112426035502 0.3872549019607843 0.04260355029585799 0.696078431372549
2 0.13964497041420118 0.39215686274509803 0.04260355029585799 0.6862745098039216
8 0.18461538461538463 0.4215686274509804 0.0378698224852071 0.7647058823529411
4 0.23136094674556212 0.39215686274509803 0.04378698224852071 0.6666666666666666
3 0.27988165680473376 0.4019607843137255 0.05325443786982249 0.7254901960784313
0 0.3668639053254438 0.46078431372549017 0.04970414201183432 0.6078431372549019
3 0.41834319526627217 0.4803921568627451 0.04378698224852071 0.6274509803921569
3 0.4621301775147929 0.4852941176470588 0.04142011834319527 0.6176470588235294
9 0.5094674556213018 0.5098039215686274 0.05088757396449704 0.7058823529411764
4 0.5585798816568047 0.5 0.04260355029585799 0.6862745098039216
7 0.6076923076923078 0.5196078431372549 0.046153846153846156 0.7647058823529411
4 0.6550295857988165 0.4803921568627451 0.04378698224852071 0.7450980392156863
6 0.7 0.49019607843137253 0.04378698224852071 0.7254901960784313
4 0.7497041420118343 0.4852941176470588 0.04378698224852071 0.7352941176470588
5 0.7988165680473372 0.49019607843137253 0.04970414201183432 0.7254901960784313
4 0.8526627218934911 0.5588235294117647 0.046153846153846156 0.7843137254901961
7 0.9047337278106509 0.553921568627451 0.04378698224852071 0.7549019607843137
3 0.9573964497041421 0.553921568627451 0.054437869822485205 0.7352941176470588
