6 0.04378698224852071 0.4264705882352941 0.040236686390532544 0.5980392156862745
2 0.09171597633136094 0.4215686274509804 0.04142011834319527 0.6078431372549019
2 0.14201183431952663 0.45588235294117646 0.04260355029585799 0.6764705882352942
8 0.18579881656804734 0.4166666666666667 0.04497041420118343 0.696078431372549
4 0.2319526627218935 0.38235294117647056 0.040236686390532544 0.6862745098039216
3 0.278698224852071 0.39705882352941174 0.0485207100591716 0.7352941176470588
0 0.3698224852071006 0.4852941176470588 0.05088757396449704 0.7156862745098039
3 0.4195266272189349 0.49019607843137253 0.036686390532544376 0.6666666666666666
3 0.4668639053254438 0.5 0.04378698224852071 0.7254901960784313
9 0.5118343195266273 0.4803921568627451 0.046153846153846156 0.6862745098039216
4 0.5562130177514792 0.47549019607843135 0.04260355029585799 0.7352941176470588
7 0.6071005917159763 0.553921568627451 0.04970414201183432 0.7352941176470588
4 0.6550295857988165 0.5245098039215687 0.04142011834319527 0.6568627450980392
6 0.7 0.5245098039215687 0.05088757396449704 0.696078431372549
4 0.7520710059171598 0.5441176470588235 0.04378698224852071 0.6372549019607843
5 0.8017751479289941 0.5245098039215687 0.046153846153846156 0.6176470588235294
4 0.8520710059171598 0.5147058823529411 0.047337278106508875 0.7156862745098039
7 0.9035502958579882 0.5294117647058824 0.046153846153846156 0.7254901960784313
3 0.9544378698224852 0.6029411764705882 0.04378698224852071 0.7156862745098039
