5 0.03477051460361613 0.5 0.05006954102920723 0.7746478873239436
3 0.08762169680111265 0.5211267605633803 0.041724617524339355 0.7605633802816901
0 0.13699582753824757 0.5070422535211268 0.05146036161335187 0.7605633802816901
9 0.19193324061196104 0.5140845070422535 0.05285118219749652 0.7464788732394366
8 0.2899860917941585 0.5140845070422535 0.048678720445062586 0.8309859154929577
2 0.34283727399165503 0.5 0.05146036161335187 0.7746478873239436
5 0.39221140472878996 0.4859154929577465 0.04450625869262865 0.8028169014084507
1 0.44436717663421416 0.4859154929577465 0.04589707927677329 0.8028169014084507
7 0.5417246175243393 0.5 0.05146036161335187 0.8028169014084507
1 0.5952712100139081 0.47887323943661975 0.04450625869262865 0.7887323943661972
0 0.6446453407510431 0.4859154929577465 0.048678720445062586 0.8028169014084507
3 0.6968011126564673 0.5070422535211268 0.05285118219749652 0.8169014084507042
1 0.7990264255910987 0.49295774647887325 0.04589707927677329 0.7042253521126761
2 0.847009735744089 0.49295774647887325 0.04728789986091794 0.7605633802816901
8 0.8977746870653686 0.4647887323943662 0.048678720445062586 0.7887323943661972
6 0.9478442280945758 0.45774647887323944 0.05146036161335187 0.7746478873239436
