5 0.03337969401947149 0.528169014084507 0.05006954102920723 0.8028169014084507
3 0.08692628650904033 0.5211267605633803 0.043115438108484005 0.8169014084507042
0 0.1349095966620306 0.5140845070422535 0.04450625869262865 0.7464788732394366
9 0.18845618915159942 0.5422535211267606 0.048678720445062586 0.7746478873239436
8 0.2885952712100139 0.5 0.048678720445062586 0.8028169014084507
2 0.3386648122392211 0.49295774647887325 0.04589707927677329 0.8450704225352113
5 0.3908205841446453 0.471830985915493 0.04728789986091794 0.8028169014084507
1 0.4429763560500695 0.47887323943661975 0.05146036161335187 0.8169014084507042
7 0.543115438108484 0.471830985915493 0.04589707927677329 0.8028169014084507
1 0.5952712100139081 0.471830985915493 0.04450625869262865 0.8028169014084507
0 0.6432545201668984 0.49295774647887325 0.048678720445062586 0.7887323943661972
3 0.6947148817802503 0.5 0.048678720445062586 0.7746478873239436
1 0.7955493741307371 0.45774647887323944 0.05006954102920723 0.8028169014084507
2 0.8463143254520167 0.4647887323943662 0.048678720445062586 0.8169014084507042
8 0.9005563282336578 0.4647887323943662 0.048678720445062586 0.7887323943661972
6 0.9520166898470097 0.471830985915493 0.04589707927677329 0.8309859154929577
