6 0.034114052953156816 0.4728682170542636 0.04175152749490835 0.5581395348837209
0 0.08248472505091649 0.437984496124031 0.04684317718940936 0.5813953488372093
1 0.13238289205702647 0.43023255813953487 0.05091649694501018 0.5968992248062015
4 0.18686354378818734 0.43023255813953487 0.049898167006109974 0.5658914728682171
2 0.2830957230142566 0.4418604651162791 0.048879837067209775 0.5891472868217054
7 0.3421588594704684 0.45348837209302323 0.04480651731160896 0.5968992248062015
6 0.39052953156822806 0.46511627906976744 0.04786150712830957 0.5736434108527132
0 0.43940936863543784 0.4496124031007752 0.045824847250509164 0.5581395348837209
3 0.5427698574338085 0.47674418604651164 0.048879837067209775 0.5813953488372093
2 0.5941955193482688 0.46511627906976744 0.04786150712830957 0.5581395348837209
3 0.6425661914460284 0.45348837209302323 0.04480651731160896 0.5503875968992248
1 0.695519348268839 0.45348837209302323 0.0570264765784114 0.5658914728682171
7 0.8019348268839103 0.42248062015503873 0.045824847250509164 0.5348837209302325
9 0.8523421588594704 0.4496124031007752 0.04276985743380855 0.5891472868217054
9 0.9027494908350304 0.4418604651162791 0.04378818737270875 0.5891472868217054
9 0.9557026476578411 0.4496124031007752 0.04786150712830957 0.6046511627906976
