6 0.05315315315315315 0.5419161676646707 0.049849849849849845 0.7964071856287426
2 0.11261261261261261 0.5479041916167665 0.05345345345345345 0.7365269461077845
2 0.16486486486486485 0.5299401197604791 0.05345345345345345 0.7724550898203594
8 0.21981981981981982 0.4910179640718563 0.04804804804804805 0.7305389221556887
3 0.3264264264264264 0.5329341317365269 0.047447447447447444 0.7904191616766467
7 0.3810810810810811 0.5359281437125749 0.048648648648648644 0.7604790419161677
8 0.42882882882882883 0.502994011976048 0.03963963963963964 0.7305389221556887
8 0.47867867867867864 0.4910179640718563 0.04684684684684685 0.7065868263473054
8 0.578978978978979 0.5479041916167665 0.04084084084084084 0.6407185628742516
8 0.6261261261261261 0.5149700598802396 0.04384384384384384 0.6227544910179641
8 0.6741741741741741 0.4970059880239521 0.04264264264264264 0.6347305389221557
8 0.7252252252252251 0.4970059880239521 0.04504504504504504 0.658682634730539
8 0.8168168168168167 0.502994011976048 0.04084084084084084 0.6706586826347306
8 0.8672672672672672 0.47305389221556887 0.03963963963963964 0.658682634730539
8 0.9150150150150149 0.470059880239521 0.04624624624624624 0.688622754491018
8 0.9621621621621621 0.4760479041916168 0.04324324324324324 0.6766467065868264
