     0/299     1.87G    0.1316    0.1132   0.06683    0.3116       105       640   0.00758      0.04  0.001884 0.0003226    0.1311    0.3625    0.0658
     1/299     2.96G    0.1264    0.1309    0.0655    0.3228        81       640  0.007907    0.1162  0.003321  0.000598    0.1264    0.4224   0.06478
     2/299     2.96G      0.12    0.1624   0.06313    0.3455       108       640   0.01039   0.06199   0.00586  0.001615    0.1188    0.5017   0.06244
     3/299     2.96G    0.1131    0.1623   0.06037    0.3358        93       640   0.02542   0.04096   0.01218  0.002383     0.112    0.5292   0.06059
     4/299     2.96G    0.1071    0.1618   0.05996    0.3289        28       640   0.02805     0.145   0.02131  0.003708    0.1052    0.4829   0.05947
     5/299     2.96G    0.1023    0.1446   0.05744    0.3043        91       640   0.03377    0.1325   0.02999  0.005837   0.09791    0.4302   0.05875
     6/299     2.96G   0.09322    0.1401   0.05636    0.2896        92       640    0.8344   0.05815   0.04182  0.009485   0.08814    0.4688   0.05865
     7/299     2.96G    0.0842    0.1396   0.05384    0.2777        91       640   0.03044    0.4333   0.06263   0.01555   0.07748    0.4972   0.05809
     8/299     2.96G   0.07768    0.1297   0.05349    0.2609       113       640   0.03289    0.5048   0.07777   0.02142   0.07449    0.4575   0.05776
     9/299     2.96G   0.07303    0.1311   0.05344    0.2576        76       640   0.03351    0.4159   0.06191   0.01273   0.07173    0.4854   0.05698
    10/299     2.96G   0.06935    0.1205   0.05323    0.2431        84       640   0.04183    0.4513   0.08719   0.02803   0.07011    0.4044   0.05601
    11/299     2.96G   0.06464    0.1221   0.05149    0.2382        88       640   0.03668    0.3908   0.07981   0.02596   0.06424    0.4049   0.05578
    12/299     2.96G   0.06428    0.1193   0.04979    0.2334        84       640   0.05084    0.4279    0.1083   0.03999   0.05627    0.3875   0.05501
    13/299     2.96G   0.06381    0.1228   0.05111    0.2377        85       640    0.1636    0.3251    0.1098    0.0384   0.06004    0.3864   0.05399
    14/299     2.96G   0.06297    0.1118   0.05012    0.2249        87       640   0.07189    0.3619     0.121   0.04346   0.06546    0.3857    0.0532
    15/299     2.96G    0.0764    0.1194   0.05007    0.2459       121       640   0.04305    0.4728   0.06403   0.02714   0.08832    0.3491   0.05256
    16/299     2.96G   0.08132    0.1152   0.04731    0.2439        67       640   0.07567    0.4443    0.1312   0.05232   0.06762    0.3725   0.05164
    17/299     2.96G   0.07604    0.1251   0.04829    0.2495       111       640    0.3451    0.2141   0.09445   0.04076   0.08084    0.3833   0.05046
    18/299     2.96G   0.07377    0.1138    0.0465    0.2341        88       640    0.1697    0.4612    0.1322   0.04302   0.06972    0.3709   0.04966
    19/299     2.96G   0.07359    0.1175   0.04655    0.2376       120       640   0.07541    0.2951    0.1432   0.04538   0.06524    0.3847   0.04846
    20/299     2.96G   0.06885    0.1196   0.04505    0.2335       138       640    0.2249    0.2511    0.1838   0.07765   0.05096    0.3831    0.0479
    21/299     2.96G   0.06727     0.118    0.0445    0.2297       109       640    0.2186    0.3513    0.1813   0.06307   0.05886    0.3915   0.04715
    22/299     2.96G   0.06579     0.119   0.04431    0.2291        88       640    0.1148     0.412    0.1816   0.06242   0.05707    0.3801   0.04647
    23/299     2.96G   0.06573    0.1122   0.04355    0.2215        96       640    0.2745    0.2282    0.1566   0.04694   0.06713    0.3815   0.04559
    24/299     2.96G    0.0668    0.1216   0.04344    0.2319        98       640    0.2201    0.5078    0.1638   0.07162   0.05666    0.3749   0.04492
    25/299     2.96G   0.06571    0.1131   0.04122      0.22        75       640   0.08845    0.5032    0.1779   0.04359   0.05783    0.4069   0.04399
    26/299     2.96G   0.06487    0.1239   0.04192    0.2307       116       640    0.2172    0.5191    0.2273   0.08745    0.0585    0.3739   0.04351
    27/299     2.96G    0.0658    0.1149    0.0424    0.2231       112       640    0.4177    0.3747    0.2019   0.08019   0.05468    0.3765   0.04282
    28/299     2.96G   0.06249    0.1187   0.03991    0.2211       109       640    0.4677    0.2977    0.2559    0.1187   0.05266    0.3722   0.04231
    29/299     2.96G   0.06487     0.115   0.03927    0.2191       116       640    0.4238    0.2356    0.2258    0.1033   0.05558    0.3721   0.04202
    30/299     2.96G   0.06016    0.1153   0.03876    0.2142        95       640    0.4812    0.2983    0.2811    0.1535   0.04896    0.3616   0.04143
    31/299     2.96G   0.06153    0.1147   0.03904    0.2153        98       640    0.4519    0.2989    0.2598    0.1224   0.06195    0.3724   0.04091
    32/299     2.96G   0.06299    0.1141   0.03873    0.2158        95       640    0.3567    0.3793    0.2554   0.06798   0.06513    0.3801   0.04053
    33/299     2.96G   0.06224    0.1032   0.03896    0.2044        61       640    0.4599    0.3978    0.2548    0.1054   0.05816    0.3736   0.04027
    34/299     2.96G   0.05851    0.1146   0.03738    0.2105       102       640    0.5862    0.4433    0.2927    0.1587   0.04447    0.3595   0.03992
    35/299     2.96G   0.05743    0.1156    0.0374    0.2104       130       640    0.6004    0.3721    0.3022    0.1372   0.04731    0.3665   0.03973
    36/299     2.96G   0.05985    0.1087   0.03564    0.2042       107       640    0.4665    0.4368    0.3304    0.2006   0.04816    0.3548   0.03934
    37/299     2.96G   0.05709    0.1149   0.03703     0.209        85       640    0.5361    0.3436    0.1982   0.06189   0.05757    0.4008    0.0391
    38/299     2.96G   0.05714    0.1134   0.03595    0.2065        92       640    0.5831    0.4112    0.3342    0.1722   0.04471    0.3574   0.03898
    39/299     2.96G   0.05592    0.1068   0.03633    0.1991       108       640    0.5593    0.4298     0.294   0.08659   0.05793    0.3798   0.03893
    40/299     2.96G   0.05642    0.1126   0.03658    0.2056        83       640    0.5647    0.3798     0.301    0.1338   0.04823    0.3572    0.0385
    41/299     2.96G   0.05487    0.1165   0.03712    0.2085       129       640    0.6284    0.3755     0.364    0.1915   0.04631    0.3558   0.03829
    42/299     2.96G   0.05238    0.1169   0.03721    0.2065       127       640    0.6248    0.3924    0.3446    0.1867   0.04074    0.3542   0.03765
    43/299     2.96G   0.05317    0.1081   0.03601    0.1973        86       640    0.6212    0.3642    0.3602    0.1835   0.04461    0.3627   0.03762
    44/299     2.96G   0.05271    0.1108   0.03488    0.1984       120       640    0.6291    0.4022    0.3648    0.2175   0.04163    0.3479   0.03751
    45/299     2.96G    0.0521    0.1069   0.03373    0.1928        79       640    0.5593    0.2885    0.2708   0.06752   0.06357    0.4007   0.03724
    46/299     2.96G   0.06004    0.1273   0.03447    0.2218        98       640    0.7117    0.3009    0.3248    0.1661   0.04637    0.3747   0.03783
    47/299     2.96G   0.05944    0.1257   0.03621    0.2213       113       640    0.5714    0.3495    0.3556    0.1438   0.05332    0.3819   0.03724
    48/299     2.96G   0.05845    0.1214   0.03604    0.2158       107       640    0.6106    0.3192    0.3154   0.09492   0.05812    0.3767   0.03697
    49/299     2.96G   0.06026    0.1129   0.03557    0.2087       114       640     0.724    0.3369    0.3762    0.1728   0.04822    0.3668   0.03706
    50/299     2.96G   0.06422      0.11    0.0325    0.2067        66       640    0.7148    0.3093    0.3605    0.2048   0.04845    0.3583   0.03667
    51/299     2.96G   0.05646    0.1066   0.03619    0.1993        93       640    0.7653    0.2703    0.3344    0.1289   0.04723    0.3592   0.03621
    52/299     2.96G   0.05797    0.1138   0.03409    0.2058        79       640    0.8062    0.2922    0.3713    0.1945    0.0454    0.3586   0.03595
    53/299     2.96G    0.0547    0.1117   0.03297    0.1994        92       640    0.8002    0.2916     0.366    0.2069   0.04681    0.3573   0.03589
    54/299     2.96G   0.05573    0.1162    0.0334    0.2053        74       640    0.7794    0.2626    0.3522    0.1755   0.05177    0.3659   0.03574
    55/299     2.96G    0.0538    0.1119   0.03303    0.1987        88       640    0.1148    0.8079    0.3389    0.1566    0.0467     0.362   0.03568
    56/299     2.96G    0.0545    0.1122   0.03368    0.2004        91       640    0.9316    0.2713    0.3962     0.226    0.0442    0.3576   0.03528
    57/299     2.96G   0.05692    0.1099   0.03242    0.1992       100       640    0.3425    0.5547    0.3359    0.1572   0.06059    0.3746   0.03505
    58/299     2.96G   0.05663    0.1047    0.0322    0.1935        79       640    0.9515    0.2705    0.3873    0.2148   0.04091    0.3516   0.03491
    59/299     2.96G   0.05414    0.1135    0.0327    0.2003       112       640    0.4121    0.5263    0.3756    0.2188   0.04522    0.3536   0.03476
    60/299     2.96G   0.05404    0.1109   0.03443    0.1993       133       640     0.472    0.4826    0.3663    0.1761   0.04565    0.3551   0.03436
    61/299     2.96G   0.05174    0.1065   0.03264    0.1909        55       640    0.3331    0.5316     0.405     0.221   0.04229      0.35    0.0343
    62/299     2.96G   0.05336    0.1072   0.03152    0.1921        79       640    0.4639    0.4704    0.3863    0.1992   0.04843     0.352   0.03425
    63/299     2.96G   0.05539    0.1068   0.03073     0.193       103       640    0.4195    0.5241    0.3542    0.1866   0.05174     0.382   0.03396
    64/299     2.96G   0.04901     0.108     0.031     0.188       132       640    0.4789    0.5538    0.4224    0.2606   0.03824    0.3419   0.03367
    65/299     2.96G   0.04979      0.11    0.0323    0.1921        61       640    0.4744     0.487      0.41    0.2178   0.04369    0.3527   0.03339
    66/299     2.96G   0.04928    0.1056   0.03253    0.1874        90       640    0.1747     0.622    0.3538    0.1512   0.04904    0.3643   0.03317
    67/299     2.96G   0.05314     0.112   0.03072    0.1958       130       640    0.3227    0.5118    0.4188    0.2746   0.03871    0.3504   0.03281
    68/299     2.96G   0.04824    0.1085   0.03033     0.187       121       640    0.2898     0.626     0.452    0.2404   0.04787    0.3625   0.03247
    69/299     2.96G   0.04959    0.1108   0.02883    0.1892       123       640    0.4464    0.5475    0.4599    0.2488   0.04099    0.3447   0.03213
    70/299     2.96G    0.0491     0.111   0.02906    0.1892       130       640    0.4863    0.5707    0.4958    0.3308   0.03811    0.3436   0.03183
    71/299     2.96G    0.0492    0.1074    0.0291    0.1857        98       640    0.4058    0.6093    0.4624    0.2127   0.04499    0.3458   0.03208
    72/299     2.96G    0.0522    0.1048   0.02957    0.1865        96       640    0.5502     0.564    0.5055     0.314   0.04059     0.352   0.03144
    73/299     2.96G   0.05255    0.1094   0.02898    0.1909        97       640    0.4862    0.5865    0.5019     0.268   0.05131    0.3719   0.03126
    74/299     2.96G   0.05169    0.1137    0.0296     0.195       128       640    0.4345    0.5791    0.4259    0.2354   0.04549    0.3454   0.03105
    75/299     2.96G   0.05147    0.1065   0.02867    0.1867       122       640    0.5251    0.5424    0.4999    0.3099   0.04286    0.3448   0.03089
    76/299     2.96G   0.05027    0.1052    0.0291    0.1846        50       640    0.4399    0.5701    0.4598    0.2422   0.04646    0.3639    0.0307
    77/299     2.96G   0.05368    0.1163     0.029     0.199       130       640    0.4624     0.471    0.4904    0.2653   0.04359    0.3632   0.03106
    78/299     2.96G   0.05075    0.1095   0.02833    0.1886        82       640    0.4992    0.5111    0.5112    0.2838   0.04177    0.3431   0.03046
    79/299     2.96G   0.05114    0.1068   0.02871    0.1866        96       640    0.4412    0.4904    0.4671    0.1701   0.04988    0.3735   0.03007
    80/299     2.96G   0.05706    0.1143   0.03002    0.2014       126       640    0.5432    0.4802    0.5287    0.3064   0.04474    0.3631   0.02958
    81/299     2.96G   0.05014    0.1068   0.02741    0.1844       103       640     0.594    0.4855    0.5017    0.2447   0.04733    0.3694   0.02947
    82/299     2.96G   0.05446    0.1123   0.02786    0.1946       140       640    0.5574    0.4988    0.5734    0.2781   0.04332    0.3504   0.02913
    83/299     2.96G   0.05327     0.117   0.02837    0.1986       129       640    0.4777    0.6124    0.5585    0.2564   0.04927    0.3705   0.02895
    84/299     2.96G   0.05304      0.12   0.02836    0.2014       101       640    0.5102    0.5462    0.5737    0.3349   0.03981    0.3433   0.02877
    85/299     2.96G   0.04396    0.1015   0.02631    0.1718        77       640    0.4909    0.6477    0.5818    0.3255   0.04352     0.351   0.02813
    86/299     2.96G   0.05118    0.1045   0.02632     0.182        75       640    0.5341    0.6612     0.609    0.3488   0.03892    0.3378   0.02783
    87/299     2.96G   0.05007    0.1045   0.02707    0.1816        65       640    0.5641     0.523    0.5872    0.2709   0.04791     0.363   0.02786
    88/299     2.96G   0.05647    0.1092    0.0269    0.1925        82       640    0.4629    0.6125    0.6009     0.348   0.04464    0.3404   0.02774
    89/299     2.96G   0.04629    0.1021    0.0263    0.1747        66       640    0.4845     0.713    0.6133    0.3636   0.04167    0.3529   0.02721
    90/299     2.96G   0.04996    0.1057   0.02537     0.181       103       640    0.5032    0.7255    0.6211     0.317   0.04059    0.3377   0.02695
    91/299     2.96G   0.04909    0.1037   0.02493    0.1777        42       640    0.5694    0.6754     0.646    0.3948   0.03995    0.3445   0.02688
    92/299     2.96G    0.0489    0.1135   0.02534    0.1877       103       640    0.5745    0.6549    0.6839    0.4117   0.04048    0.3459   0.02668
    93/299     2.96G   0.04613    0.1016   0.02436    0.1721        76       640    0.4558    0.6459    0.5501    0.2602   0.04893    0.3523   0.02612
    94/299     2.96G   0.04898    0.1059   0.02424    0.1791       117       640    0.5728    0.6495    0.6773    0.4229   0.03675    0.3399   0.02561
    95/299     2.96G   0.04929    0.1053   0.02312    0.1778        90       640    0.5503    0.6766    0.6842    0.3794    0.0465    0.3501    0.0254
    96/299     2.96G   0.05138    0.1037   0.02493      0.18       118       640     0.634    0.5753    0.6979    0.4077   0.03776    0.3439   0.02528
    97/299     2.96G   0.04204     0.103   0.02376    0.1688       105       640    0.6014    0.5378    0.6924     0.346   0.04199    0.3437   0.02483
    98/299     2.96G   0.04681     0.106   0.02325    0.1761       121       640    0.6407    0.5857    0.7165    0.3892   0.04274    0.3497   0.02469
    99/299     2.96G   0.04935    0.1065   0.02473    0.1806        98       640    0.6807    0.5616    0.7501    0.3063   0.04911    0.3556   0.02419
   100/299     2.96G   0.05358    0.1104    0.0249    0.1889       142       640    0.7957    0.5798     0.778     0.492   0.03856    0.3403   0.02375
   101/299     2.96G   0.04366   0.09951   0.02277    0.1659        67       640    0.7774    0.5876    0.7765    0.4092   0.04409     0.351    0.0231
   102/299     2.96G   0.04561    0.1052   0.02146    0.1723       105       640    0.7701    0.5833    0.7661      0.51   0.03553      0.33   0.02276
   103/299     2.96G    0.0443   0.09961   0.02219    0.1661        73       640    0.7354    0.6027    0.7636    0.4557   0.04181    0.3425   0.02252
   104/299     2.96G   0.04684    0.1078   0.02166    0.1763       150       640    0.7096    0.6451    0.7725    0.5076   0.03755    0.3347   0.02253
   105/299     2.96G   0.04023   0.09895   0.02127    0.1605       129       640    0.8338    0.6287    0.7827    0.4529   0.03878    0.3392   0.02215
   106/299     2.96G    0.0427    0.1024   0.02065    0.1657       131       640    0.8705     0.636    0.7983    0.4868   0.03919    0.3492   0.02172
   107/299     2.96G   0.04703    0.1063   0.02054    0.1738        58       640    0.8725    0.6493    0.7977    0.4793   0.04139      0.36   0.02156
   108/299     2.96G   0.04889    0.1084   0.02085    0.1782       135       640    0.8988    0.6535    0.7909    0.4619   0.03881    0.3427   0.02119
   109/299     2.96G   0.03907   0.09784   0.01888    0.1558        72       640    0.8773     0.646    0.8189    0.4883   0.03886    0.3372   0.02044
   110/299     2.96G   0.04243   0.09911   0.01904    0.1606       104       640     0.853    0.6336     0.817    0.5442   0.03529    0.3261   0.02035
   111/299     2.96G   0.04204    0.1031    0.0197    0.1648       130       640    0.8382    0.6511    0.8068    0.5234   0.03719    0.3289   0.02007
   112/299     2.96G   0.04299   0.09591    0.0187    0.1576        71       640    0.9382    0.6191    0.8132    0.5317   0.03593    0.3298   0.01996
   113/299     2.96G   0.03904   0.09936   0.01996    0.1584       103       640    0.9488     0.626    0.8195     0.532    0.0363    0.3308   0.01969
   114/299     2.96G   0.04047    0.1016   0.01887    0.1609       118       640    0.9479    0.6379     0.837    0.5408   0.03538    0.3253   0.01898
   115/299     2.96G   0.04689    0.1035   0.01837    0.1687        83       640    0.9557    0.6488    0.8422     0.493   0.04078    0.3409   0.01874
   116/299     2.96G   0.04826    0.1069   0.01757    0.1727       119       640    0.9294    0.6537    0.8455    0.5594   0.03513     0.329   0.01869
   117/299     2.96G   0.03746   0.09289   0.01774    0.1481        89       640    0.8966    0.6914    0.8748    0.5479   0.03644    0.3279    0.0183
   118/299     2.96G    0.0403   0.09667   0.01702     0.154        58       640    0.8386    0.7293    0.8857    0.5979   0.03418    0.3226   0.01799
   119/299     2.96G   0.04005   0.09756   0.01681    0.1544        76       640    0.6563    0.8051    0.8873    0.5634   0.03647    0.3311   0.01774
   120/299     2.96G   0.04093    0.1002    0.0172    0.1583       135       640    0.8242    0.7823    0.8987    0.6139   0.03557    0.3232   0.01744
   121/299     2.96G   0.03797   0.09615   0.01633    0.1504       108       640    0.8345    0.8027    0.9107    0.6075   0.03676    0.3269   0.01718
   122/299     2.96G   0.04091     0.101   0.01763    0.1596       116       640    0.8516     0.803    0.9126    0.5287   0.03766    0.3318    0.0166
   123/299     2.96G   0.04743    0.1036   0.01632    0.1674       105       640    0.8735     0.812    0.9129    0.5465   0.04122    0.3375   0.01661
   124/299     2.96G   0.04654    0.1052   0.01715    0.1689       122       640    0.9506    0.7978    0.9122    0.6043   0.03388    0.3244   0.01653
   125/299     2.96G   0.03838   0.09554   0.01628    0.1502        53       640    0.9426    0.8186    0.9144    0.6188   0.03438    0.3199   0.01617
   126/299     2.96G   0.03798   0.09788   0.01525    0.1511       113       640    0.9191    0.8624    0.9148    0.6121   0.03409    0.3185    0.0158
   127/299     2.96G   0.04516    0.1056   0.01594    0.1667       120       640    0.9165    0.8653    0.9147    0.5489   0.04086    0.3342    0.0154
   128/299     2.96G    0.0443   0.09852   0.01497    0.1578        90       640    0.9672    0.8302    0.9146    0.6243   0.03458    0.3251   0.01511
   129/299     2.96G   0.03701   0.09979   0.01475    0.1516       156       640    0.9361    0.8736    0.9191      0.62   0.03652    0.3286    0.0147
   130/299     2.96G   0.04128   0.09699   0.01488    0.1531        76       640    0.9541    0.8742    0.9284    0.6243   0.03472    0.3255    0.0145
   131/299     2.96G   0.04006   0.09049   0.01376    0.1443        85       640    0.9504    0.8759    0.9299    0.6355   0.03411    0.3236   0.01427
   132/299     2.96G   0.04017   0.09953   0.01465    0.1543       102       640    0.9559    0.8809    0.9296    0.5999   0.03442    0.3225   0.01405
   133/299     2.96G   0.03698   0.09536   0.01436    0.1467        89       640    0.9334    0.8805    0.9252    0.6082   0.03492    0.3213   0.01378
   134/299     2.96G   0.03819   0.09519   0.01368    0.1471        65       640    0.9834    0.8785    0.9364    0.6589   0.03321    0.3178   0.01348
   135/299     2.96G   0.03833   0.09735    0.0132    0.1489       152       640    0.9829    0.8822    0.9374     0.648   0.03581    0.3264   0.01329
   136/299     2.96G   0.04104   0.09941   0.01303    0.1535        84       640     0.987    0.8835    0.9441    0.6211   0.03517    0.3261   0.01318
   137/299     2.96G   0.03766   0.09663   0.01371     0.148       100       640    0.9813    0.8866    0.9495    0.6371   0.03584    0.3276    0.0128
   138/299     2.96G   0.03784   0.09768   0.01334    0.1489        78       640    0.9857    0.8878    0.9629    0.6814    0.0333    0.3194    0.0124
   139/299     2.96G   0.03864   0.09449   0.01282    0.1459       113       640    0.9895    0.8871     0.974    0.6757   0.03503    0.3236   0.01215
   140/299     2.96G   0.03908    0.0952   0.01241    0.1467       109       640    0.9877    0.8931    0.9731    0.6761   0.03358     0.318   0.01196
   141/299     2.96G   0.03728   0.09359   0.01218     0.143        78       640    0.9884    0.8951    0.9652    0.6223   0.03446    0.3193    0.0118
   142/299     2.96G   0.03753   0.09285   0.01179    0.1422        64       640    0.9944    0.8906     0.953    0.6791   0.03201    0.3164   0.01169
   143/299     2.96G   0.03952     0.094   0.01188    0.1454       112       640    0.9912    0.8907    0.9541    0.6528   0.03515    0.3223   0.01148
   144/299     2.96G   0.04264   0.09878   0.01089    0.1523        76       640    0.9538    0.9077    0.9536     0.659   0.03465      0.32   0.01139
   145/299     2.96G   0.03672   0.09436   0.01124    0.1423       130       640    0.9911    0.8951    0.9676    0.6525   0.03497    0.3251   0.01114
   146/299     2.96G   0.03914   0.09632   0.01162    0.1471       131       640    0.9963    0.8947    0.9677    0.6634   0.03308    0.3191   0.01084
   147/299     2.96G   0.03992   0.09293    0.0113    0.1442        61       640    0.9958    0.8941    0.9634    0.6009   0.03725    0.3335    0.0106
   148/299     2.96G   0.04381    0.1021   0.01184    0.1577       113       640    0.9945     0.896    0.9722     0.663   0.03378    0.3249   0.01052
   149/299     2.96G   0.03833   0.09124   0.01178    0.1414        82       640    0.9959    0.8933    0.9733    0.6298   0.03397     0.326   0.01044
   150/299     2.96G   0.03876   0.09398   0.01158    0.1443        92       640    0.9966    0.8934    0.9719    0.6866   0.03255    0.3123   0.01016
   151/299     2.96G   0.03894   0.09333   0.01037    0.1426        52       640    0.9948     0.896    0.9765    0.6953    0.0345    0.3164   0.01005
   152/299     2.96G   0.04057   0.09575   0.01105    0.1474       116       640    0.9958     0.896    0.9847    0.7063   0.03266    0.3127   0.00987
   153/299     2.96G   0.03406   0.09475   0.01026    0.1391       144       640     0.997    0.8962    0.9853    0.6988   0.03219    0.3132  0.009715
   154/299     2.96G   0.03641   0.09018      0.01    0.1366        60       640    0.9967    0.8963    0.9841    0.6982   0.03279    0.3131  0.009421
   155/299     2.96G    0.0374   0.09202  0.009922    0.1393        98       640    0.9977    0.8964     0.989    0.6789   0.03395    0.3153  0.009254
   156/299     2.96G   0.03997   0.09649   0.01121    0.1477        88       640    0.8683    0.9761    0.9934    0.6805   0.03326    0.3136  0.009143
   157/299     2.96G   0.03591   0.09156    0.0105     0.138        60       640    0.8632    0.9758    0.9933    0.6906   0.03286    0.3147  0.008975
   158/299     2.96G   0.03793   0.09109   0.01011    0.1391       105       640    0.8816    0.9791    0.9934    0.6833   0.03308     0.315  0.008669
   159/299     2.96G   0.04228   0.09849  0.009472    0.1502        86       640    0.8985    0.9801    0.9935    0.6546   0.03613    0.3231   0.00855
   160/299     2.96G   0.04378   0.09836  0.009584    0.1517       100       640     0.965    0.9635    0.9935    0.6786   0.03374    0.3179  0.008627
   161/299     2.96G    0.0356   0.09231   0.00936    0.1373       129       640    0.9465    0.9657    0.9934    0.7139   0.03196    0.3126   0.00863
   162/299     2.96G   0.03613   0.09306  0.009708    0.1389       104       640    0.9374    0.9835    0.9934    0.7174   0.03162    0.3089  0.008504
   163/299     2.96G    0.0355   0.08652  0.009265    0.1313        84       640    0.9425    0.9823    0.9935    0.6999   0.03248    0.3114  0.008379
   164/299     2.96G   0.03747   0.09606  0.009208    0.1427        80       640    0.9423    0.9978    0.9934    0.7091   0.03217    0.3098  0.008207
   165/299     2.96G   0.03475   0.09001  0.009078    0.1338        76       640     0.977     0.965    0.9935    0.7181   0.03238    0.3132  0.007964
   166/299     2.96G   0.03602   0.09297  0.008832    0.1378       101       640    0.9532    0.9925    0.9935     0.711    0.0316    0.3106  0.007752
   167/299     2.96G   0.03582   0.09313  0.008492    0.1374       107       640    0.9689    0.9926    0.9935    0.6819   0.03294     0.311  0.007625
   168/299     2.96G   0.03841   0.09394  0.009518    0.1419        88       640     0.965    0.9925    0.9935    0.6969   0.03228     0.313  0.007614
   169/299     2.96G   0.03657   0.09227  0.008364    0.1372        77       640    0.9789     0.991    0.9936    0.6806   0.03529    0.3212  0.007509
   170/299     2.96G   0.03733   0.09563  0.008926    0.1419       111       640    0.9911    0.9923    0.9935    0.6944   0.03163    0.3137  0.007436
   171/299     2.96G    0.0372   0.09321  0.009298    0.1397       149       640    0.9911    0.9915    0.9934    0.7099   0.03283    0.3123  0.007387
   172/299     2.96G   0.03835   0.09462  0.009054     0.142       125       640    0.9904     0.998    0.9935    0.7018   0.03274    0.3127   0.00731
   173/299     2.96G   0.03481    0.0883   0.00825    0.1314        50       640    0.9914    0.9978    0.9939    0.6792   0.03281    0.3141  0.007173
   174/299     2.96G   0.03719   0.09684  0.008713    0.1427       124       640    0.9914    0.9984    0.9939    0.6989   0.03135    0.3083  0.007106
   175/299     2.96G   0.03572    0.0957  0.008037    0.1395        85       640    0.9931    0.9974    0.9942    0.7016   0.03255    0.3132  0.007076
   176/299     2.96G   0.03748    0.0903  0.007812    0.1356        79       640    0.9939    0.9984    0.9943    0.7008   0.03206    0.3097  0.006964
   177/299     2.96G   0.03518   0.09164  0.007955    0.1348       123       640    0.9942    0.9984    0.9938    0.6577   0.03234    0.3099  0.006836
   178/299     2.96G   0.03675   0.08941  0.007911    0.1341        59       640    0.9942    0.9976    0.9937    0.7218   0.03137    0.3111  0.006744
   179/299     2.96G   0.03636   0.09211  0.008564     0.137        72       640    0.9942    0.9979    0.9938    0.7149   0.03186    0.3176  0.006718
   180/299     2.96G   0.03787   0.09447  0.007717    0.1401       133       640    0.9934    0.9975    0.9941    0.7166   0.03188    0.3165   0.00668
   181/299     2.96G    0.0348   0.09591  0.008398    0.1391       133       640    0.9942    0.9985     0.994    0.7191   0.03165    0.3124  0.006571
   182/299     2.96G   0.03479   0.09046   0.00734    0.1326        91       640     0.995    0.9985    0.9938    0.7031   0.03197    0.3105  0.006452
   183/299     2.96G   0.03856   0.09094  0.007896    0.1374       128       640    0.9953    0.9981     0.994    0.6632   0.03515    0.3239   0.00639
   184/299     2.96G   0.04154    0.1014  0.007877    0.1509       122       640     0.996    0.9975    0.9943     0.701   0.03284    0.3135  0.006416
   185/299     2.96G   0.03323   0.08957  0.007655    0.1305        78       640    0.9954    0.9974    0.9944    0.7151   0.03185    0.3102   0.00634
   186/299     2.96G   0.03514   0.09297  0.007404    0.1355        94       640    0.9954    0.9971    0.9943    0.7225   0.03167    0.3082  0.006212
   187/299     2.96G   0.03483   0.09352  0.006793    0.1351        86       640    0.9955    0.9975    0.9943    0.6969   0.03206    0.3118  0.006126
   188/299     2.96G   0.03632   0.08855  0.007364    0.1322       116       640    0.9953    0.9978    0.9943    0.7002   0.03168    0.3102  0.006061
   189/299     2.96G   0.03407   0.08959  0.007022    0.1307       110       640    0.9954    0.9983     0.994    0.7015   0.03148    0.3117  0.006032
   190/299     2.96G   0.03351   0.08858  0.007126    0.1292       132       640    0.9966    0.9981    0.9938    0.7075   0.03162    0.3097  0.005925
   191/299     2.96G    0.0365   0.09232  0.008561    0.1374       117       640     0.996    0.9983    0.9939    0.7065    0.0322    0.3109  0.005838
   192/299     2.96G   0.03707   0.08887  0.006307    0.1322       105       640    0.9967    0.9982     0.994     0.704   0.03223    0.3108  0.005747
   193/299     2.96G   0.03611   0.09077  0.007913    0.1348       137       640    0.9965    0.9982    0.9939     0.708    0.0311    0.3075  0.005671
   194/299     2.96G    0.0341   0.08584  0.007033     0.127        74       640    0.9962    0.9981    0.9937    0.7199   0.03107    0.3077  0.005628
   195/299     2.96G   0.03468   0.09126   0.00657    0.1325        83       640    0.9963    0.9981    0.9939    0.7239    0.0315    0.3082  0.005609
   196/299     2.96G   0.03596   0.08538  0.007065    0.1284        66       640    0.9969    0.9982    0.9942     0.727   0.03151     0.312  0.005597
   197/299     2.96G   0.03353   0.08653  0.006839    0.1269        74       640    0.9967    0.9985    0.9942     0.724   0.03117    0.3077  0.005588
   198/299     2.96G   0.03462   0.08795  0.007327    0.1299       106       640    0.9972    0.9985    0.9937    0.7242   0.03131    0.3094  0.005457
   199/299     2.96G   0.03676   0.09493  0.006452    0.1381       100       640    0.9969    0.9985    0.9937    0.7001   0.03277    0.3138  0.005387
   200/299     2.96G   0.03762   0.09356  0.006721    0.1379        95       640    0.9969    0.9968    0.9938    0.7302    0.0313    0.3082  0.005427
   201/299     2.96G   0.03351   0.09499  0.006663    0.1352       129       640    0.9969     0.997    0.9935     0.712   0.03176    0.3124  0.005464
   202/299     2.96G    0.0362   0.08927  0.007146    0.1326        97       640    0.9971     0.997    0.9932    0.7289   0.03028    0.3044  0.005416
   203/299     2.96G   0.03302   0.09019  0.006191    0.1294       114       640    0.9977    0.9967    0.9932    0.7184   0.03112    0.3081   0.00533
   204/299     2.96G   0.03505   0.09193  0.006795    0.1338       155       640    0.9978     0.997    0.9937     0.706   0.03145    0.3098  0.005237
   205/299     2.96G   0.03405   0.08865  0.006202    0.1289        93       640    0.9979     0.997     0.994    0.7111   0.03145    0.3095  0.005202
   206/299     2.96G   0.03458   0.09122  0.006193     0.132       119       640    0.9975     0.997    0.9941    0.7364    0.0304    0.3044  0.005214
   207/299     2.96G   0.03468   0.08935  0.006683    0.1307       129       640    0.9976     0.997    0.9941    0.7308   0.03064    0.3052  0.005164
   208/299     2.96G   0.03472   0.08794   0.00607    0.1287       108       640    0.9979     0.997    0.9941    0.7258   0.03086    0.3072   0.00508
   209/299     2.96G   0.03342    0.0904  0.005857    0.1297        94       640    0.9979     0.997    0.9939    0.7293   0.03086    0.3085  0.004977
   210/299     2.96G    0.0337   0.08175  0.006273    0.1217        31       640    0.9976    0.9985    0.9937    0.7315   0.03044    0.3084  0.004844
   211/299     2.96G   0.03387   0.08877  0.005985    0.1286        90       640     0.998    0.9981    0.9937    0.7288   0.03119    0.3086   0.00479
   212/299     2.96G   0.03562   0.09495  0.006236    0.1368        84       640    0.9978    0.9982    0.9938    0.7205   0.03116    0.3106  0.004774
   213/299     2.96G   0.03281   0.09135     0.006    0.1302        92       640    0.9977    0.9981    0.9939    0.7255   0.03121    0.3076   0.00476
   214/299     2.96G   0.03451   0.09168  0.006138    0.1323       120       640    0.9978    0.9981    0.9938     0.734   0.03006     0.303  0.004726
   215/299     2.96G   0.03313   0.08747  0.005814    0.1264        70       640    0.9981     0.998    0.9938    0.7336   0.03019    0.3034   0.00473
   216/299     2.96G   0.03374   0.08956  0.006263    0.1296       103       640     0.998    0.9981    0.9941    0.7337   0.03061    0.3053  0.004725
   217/299     2.96G   0.03356   0.08831  0.006581    0.1285        69       640    0.9979    0.9981    0.9941    0.7334   0.03032     0.306  0.004699
   218/299     2.96G   0.03336   0.09053  0.005898    0.1298       122       640    0.9977    0.9982    0.9939    0.7369   0.03006    0.3069  0.004642
   219/299     2.96G   0.03453    0.0909  0.006504    0.1319       114       640    0.9978    0.9981    0.9939    0.7316   0.03106    0.3086  0.004619
   220/299     2.96G    0.0356   0.08809  0.006005    0.1297        71       640    0.9981    0.9978    0.9938    0.7244   0.03137    0.3093  0.004563
   221/299     2.96G   0.03413     0.091  0.005623    0.1308        92       640     0.998    0.9985    0.9938    0.7235   0.03115    0.3088  0.004518
   222/299     2.96G   0.03383    0.0902  0.005856    0.1299       108       640     0.998    0.9985    0.9938    0.7361   0.02995    0.3043  0.004517
   223/299     2.96G   0.03331   0.08561  0.005903    0.1248        88       640    0.9978    0.9985    0.9938    0.7292   0.03019    0.3041  0.004475
   224/299     2.96G   0.03524   0.09385  0.005888     0.135       134       640    0.9977    0.9985    0.9938    0.7252   0.03034     0.306  0.004444
   225/299     2.96G   0.03349   0.09108  0.005313    0.1299       120       640    0.9979    0.9985    0.9942    0.7237   0.03052    0.3057  0.004423
   226/299     2.96G   0.03177   0.08958  0.004968    0.1263        89       640    0.9979    0.9985     0.994    0.7364   0.02975    0.3015  0.004377
   227/299     2.96G   0.03347   0.09334  0.005758    0.1326       115       640    0.9979    0.9985    0.9938    0.7254   0.03038    0.3039  0.004336
   228/299     2.96G   0.03564   0.09306  0.005893    0.1346        89       640    0.9977    0.9985    0.9936    0.7085    0.0319    0.3082  0.004308
   229/299     2.96G    0.0332   0.08538  0.004937    0.1235        64       640     0.998    0.9985    0.9938    0.7112   0.03133    0.3099  0.004305
   230/299     2.96G   0.03454   0.08536  0.005479    0.1254        79       640     0.997    0.9982    0.9942     0.738   0.02962    0.3013  0.004312
   231/299     2.96G   0.03154   0.08632  0.005214    0.1231        83       640    0.9964    0.9982    0.9944    0.7363   0.02999    0.3022  0.004315
   232/299     2.96G   0.03362   0.08886  0.005859    0.1283        72       640    0.9967    0.9981    0.9944     0.728   0.03018    0.3026  0.004309
   233/299     2.96G   0.03293   0.08957  0.005434    0.1279       109       640    0.9974    0.9978    0.9943    0.7282   0.03032    0.3064  0.004301
   234/299     2.96G   0.03376    0.0885  0.005579    0.1278       129       640    0.9973    0.9977    0.9942    0.7351   0.02984    0.3031  0.004287
   235/299     2.96G   0.03205   0.08774  0.005549    0.1253        90       640    0.9978    0.9978    0.9942    0.7264   0.03043     0.305   0.00426
   236/299     2.96G   0.03317    0.0824  0.005484    0.1211        54       640    0.9978     0.998    0.9941    0.7247    0.0303    0.3031  0.004227
   237/299     2.96G   0.03231   0.08961   0.00552    0.1274        88       640    0.9972    0.9983     0.994    0.7324   0.02997    0.3002  0.004235
   238/299     2.96G    0.0319   0.08545  0.005345    0.1227        51       640    0.9977    0.9971     0.994    0.7338   0.02971    0.2993  0.004211
   239/299     2.96G   0.03233   0.08781  0.005084    0.1252        79       640    0.9974    0.9971    0.9941    0.7339   0.03024    0.3014  0.004179
   240/299     2.96G   0.03501   0.09289  0.005672    0.1336       123       640    0.9979    0.9965    0.9941    0.7368   0.03028    0.3023  0.004169
   241/299     2.96G   0.03203   0.08669  0.004736    0.1235        92       640    0.9974     0.997     0.994    0.7276   0.03033    0.3017  0.004179
   242/299     2.96G   0.03213   0.08637   0.00513    0.1236        93       640     0.997     0.997    0.9941    0.7364   0.02942    0.2979  0.004144
   243/299     2.96G   0.03136   0.08703  0.005267    0.1237        70       640    0.9974    0.9969    0.9942    0.7381   0.02952    0.2987  0.004107
   244/299     2.96G   0.03271   0.08987  0.004971    0.1276        98       640    0.9967    0.9985    0.9942    0.7389   0.02979    0.2996  0.004057
   245/299     2.96G   0.03227   0.08616   0.00554     0.124        58       640    0.9975    0.9985    0.9942    0.7341   0.02953    0.2989  0.004013
   246/299     2.96G   0.03202   0.08857   0.00515    0.1257        89       640    0.9981    0.9984    0.9941    0.7355   0.02967    0.3035  0.003987
   247/299     2.96G   0.03247   0.08752  0.005007     0.125       124       640    0.9978    0.9985     0.994    0.7354   0.02989    0.3025  0.003972
   248/299     2.96G   0.03359   0.08977  0.005322    0.1287        72       640    0.9976    0.9985     0.994    0.7353   0.02989    0.3029  0.003975
   249/299     2.96G   0.03285   0.08575  0.005536    0.1241        90       640    0.9976    0.9985    0.9942    0.7322   0.02994     0.303  0.003977
   250/299     2.96G   0.03189   0.08805  0.005263    0.1252        90       640    0.9979    0.9984     0.994    0.7263   0.02991    0.3033  0.003928
   251/299     2.96G   0.03352   0.09339  0.005333    0.1322       108       640    0.9978    0.9984     0.994    0.7309   0.03056    0.3059  0.003897
   252/299     2.96G   0.03395   0.09051  0.004963    0.1294        84       640    0.9974    0.9985     0.994    0.7181   0.03113    0.3063  0.003884
   253/299     2.96G   0.03368   0.09101   0.00515    0.1298        97       640    0.9974    0.9985    0.9941    0.7201   0.03069     0.307  0.003912
   254/299     2.96G   0.03327   0.09058  0.005454    0.1293        99       640    0.9976    0.9985    0.9942    0.7272   0.02969    0.3019  0.003931
   255/299     2.96G   0.03573   0.08526  0.005833    0.1268        40       640    0.9978    0.9985    0.9942    0.7338   0.03005     0.303  0.003931
   256/299     2.96G   0.03382   0.08626  0.005166    0.1253        93       640    0.9978    0.9984    0.9943    0.7338   0.03018    0.3033   0.00393
   257/299     2.96G   0.03336   0.08542  0.005377    0.1242        84       640    0.9976    0.9985    0.9943     0.724   0.03027     0.304  0.003939
   258/299     2.96G   0.03301   0.08851  0.005026    0.1266       122       640    0.9977    0.9985    0.9942    0.7374   0.02959     0.301  0.003927
   259/299     2.96G   0.03149   0.08723  0.005253     0.124        96       640    0.9978    0.9985    0.9942    0.7372   0.02943    0.2994  0.003901
   260/299     2.96G   0.03201   0.08765  0.005346     0.125       126       640    0.9979    0.9985    0.9943    0.7331   0.02956    0.2993  0.003891
   261/299     2.96G    0.0326   0.08927  0.005262    0.1271       103       640    0.9976    0.9985    0.9943    0.7354   0.02946    0.2984   0.00387
   262/299     2.96G   0.03168   0.08603  0.004883    0.1226        95       640    0.9979    0.9984    0.9942    0.7388   0.02936    0.3013  0.003882
   263/299     2.96G   0.03194    0.0871  0.005121    0.1242        79       640    0.9976    0.9985    0.9942    0.7402   0.02949    0.3026  0.003851
   264/299     2.96G   0.03272   0.08844  0.004738    0.1259       131       640     0.998    0.9981    0.9942    0.7385   0.02939    0.2998  0.003806
   265/299     2.96G   0.03242   0.08849  0.005255    0.1262       148       640    0.9978    0.9981    0.9942    0.7327   0.02986    0.3026  0.003788
   266/299     2.96G    0.0321   0.08464  0.005409    0.1222       110       640    0.9974    0.9985    0.9942    0.7339   0.02956    0.3031   0.00376
   267/299     2.96G   0.03124    0.0889  0.004809    0.1249       114       640    0.9972    0.9985    0.9942    0.7343   0.02982    0.3045  0.003749
   268/299     2.96G   0.03237   0.08188  0.004801    0.1191        39       640    0.9967    0.9985    0.9942     0.733   0.03024    0.3025  0.003727
   269/299     2.96G   0.03276    0.0871  0.004837    0.1247        70       640    0.9971    0.9985    0.9943    0.7353   0.03004    0.3014  0.003745
   270/299     2.96G   0.03262   0.08638  0.004776    0.1238       113       640    0.9971    0.9985    0.9943     0.741   0.02951    0.2994  0.003735
   271/299     2.96G   0.03136   0.08338  0.004872    0.1196        40       640     0.997    0.9985    0.9942    0.7464   0.02946    0.2987  0.003706
   272/299     2.96G    0.0324   0.08904  0.004745    0.1262       102       640    0.9973    0.9985    0.9942    0.7318   0.03009    0.3039  0.003667
   273/299     2.96G   0.03343   0.09032  0.004529    0.1283       120       640    0.9976    0.9985    0.9942    0.7346   0.02991    0.3018  0.003657
   274/299     2.96G   0.03185   0.08668  0.005712    0.1242        85       640    0.9985    0.9985    0.9943    0.7421   0.02925    0.3028  0.003658
   275/299     2.96G   0.03167   0.08596   0.00506    0.1227        97       640    0.9986    0.9984    0.9942    0.7385   0.02953    0.3051  0.003654
   276/299     2.96G   0.03281   0.08842  0.005339    0.1266       121       640    0.9983    0.9985    0.9942    0.7303   0.02979    0.3068  0.003662
   277/299     2.96G   0.03245   0.08115  0.005182    0.1188        54       640    0.9984    0.9985    0.9943    0.7329   0.02974    0.3051  0.003706
   278/299     2.96G   0.03178   0.08246  0.004605    0.1189        66       640    0.9982    0.9985    0.9943    0.7392   0.02972    0.3041  0.003704
   279/299     2.96G   0.03271   0.08391  0.005449    0.1221        60       640    0.9983    0.9978    0.9944    0.7382   0.02973    0.3028  0.003639
   280/299     2.96G   0.03401   0.08777  0.005226     0.127       140       640    0.9973    0.9985    0.9943    0.7345   0.02995     0.302  0.003619
   281/299     2.96G    0.0332   0.08697   0.00497    0.1251       114       640    0.9975    0.9985    0.9943    0.7403   0.02973    0.3017   0.00362
   282/299     2.96G    0.0321   0.08375  0.005217    0.1211        71       640    0.9972    0.9985    0.9943    0.7345   0.02942    0.2988  0.003611
   283/299     2.96G   0.03148   0.08295  0.004646    0.1191        80       640    0.9971    0.9985    0.9943     0.739    0.0296    0.2992  0.003608
   284/299     2.96G   0.03354   0.08983  0.005009    0.1284       125       640    0.9973    0.9985    0.9944    0.7337   0.02997    0.3023   0.00362
   285/299     2.96G   0.03232   0.09087  0.004504    0.1277       115       640    0.9974    0.9984    0.9944    0.7349   0.02971    0.3025  0.003648
   286/299     2.96G   0.03247   0.08787  0.004842    0.1252       122       640    0.9972    0.9984    0.9944    0.7455    0.0293    0.2988  0.003643
   287/299     2.96G   0.03178    0.0869  0.004584    0.1233        97       640    0.9974    0.9985    0.9944    0.7441    0.0293    0.3001  0.003636
   288/299     2.96G   0.03367   0.08696  0.005283    0.1259       115       640    0.9984    0.9978    0.9944    0.7424   0.02953    0.3002  0.003624
   289/299     2.96G   0.03208   0.08994  0.004538    0.1266       103       640    0.9973    0.9985    0.9944    0.7399   0.02955    0.2985  0.003614
   290/299     2.96G   0.03149   0.08635  0.004591    0.1224        70       640    0.9975    0.9985    0.9944    0.7448   0.02926    0.2961  0.003605
   291/299     2.96G   0.03132   0.08865  0.004759    0.1247       110       640    0.9978    0.9984    0.9944    0.7443   0.02936    0.2977  0.003595
   292/299     2.96G   0.03213   0.08681  0.005021     0.124       123       640    0.9974    0.9985    0.9943    0.7407   0.02933    0.2973  0.003575
   293/299     2.96G   0.03184   0.08685  0.005222    0.1239       115       640    0.9972    0.9985    0.9943    0.7428   0.02927    0.2999  0.003562
   294/299     2.96G   0.03122   0.08812  0.004572    0.1239       121       640    0.9979    0.9985    0.9943    0.7445    0.0291    0.2996  0.003549
   295/299     2.96G   0.03131   0.08897  0.004563    0.1248        98       640    0.9978    0.9985    0.9944    0.7461   0.02917    0.2977  0.003542
   296/299     2.96G   0.03287   0.08446  0.004896    0.1222       108       640    0.9977    0.9985    0.9944    0.7378    0.0297    0.2992  0.003535
   297/299     2.96G   0.03133   0.09117  0.004479     0.127        96       640    0.9982    0.9985    0.9944    0.7398   0.02926    0.2997  0.003526
   298/299     2.96G   0.03182   0.08507   0.00469    0.1216        99       640    0.9981    0.9985    0.9944    0.7447   0.02921    0.2976  0.003535
   299/299     2.96G   0.03185   0.08758  0.004948    0.1244       119       640    0.9982    0.9985    0.9944    0.7422   0.02955    0.2993  0.003519
