     0/299     1.67G    0.1196   0.05187   0.07048    0.2419        56       640 0.0007879   0.04013 0.0003159 5.589e-05    0.1159   0.04056   0.06744
     1/299     2.95G    0.1153   0.05285   0.06904    0.2372        56       640  0.000517   0.00782 0.0005463  0.000154    0.1088    0.0432    0.0661
     2/299     2.95G    0.1095   0.05623   0.06701    0.2327        52       640  0.001505  0.008798 0.0003707 6.323e-05    0.1023   0.04618   0.06485
     3/299     2.95G    0.1047   0.05837   0.06487    0.2279        61       640  0.002698  0.008798 0.0007715 0.0001088   0.09832    0.0477   0.06338
     4/299     2.95G    0.1017    0.0634   0.06266    0.2278        65       640  0.005072  0.006843  0.001547 0.0002842   0.09547   0.04857   0.06163
     5/299     2.95G   0.09939   0.06295   0.06059    0.2229        51       640   0.01103  0.007331  0.003378 0.0006497   0.09237   0.04971    0.0595
     6/299     2.95G    0.0961   0.06832   0.05802    0.2224        80       640   0.01511   0.01564  0.009737  0.001825   0.08913   0.05056   0.05718
     7/299     2.95G   0.09166   0.06874   0.05571    0.2161        61       640    0.3865   0.02346   0.01751  0.003227   0.08488   0.05168   0.05454
     8/299     2.95G   0.08897    0.0682   0.05239    0.2096        80       640    0.8408   0.04545   0.03277  0.007243   0.07999   0.05226   0.05179
     9/299     2.95G   0.08379   0.06656   0.05016    0.2005        57       640    0.9503   0.04839   0.04715     0.012   0.07463    0.0527   0.04972
    10/299     2.95G   0.07818   0.06783   0.04732    0.1933        57       640    0.9537   0.06305   0.06242   0.01532   0.06925   0.05413   0.04789
    11/299     2.95G   0.07384   0.07123   0.04526    0.1903        66       640     0.963   0.07419   0.07849   0.02281   0.06456   0.05889   0.04646
    12/299     2.95G   0.06921   0.06847     0.043    0.1807        57       640    0.9768   0.07575   0.09525   0.02867   0.06057   0.06042   0.04506
    13/299     2.95G    0.0648   0.06647   0.04226    0.1735        41       640    0.9764    0.0826    0.1218   0.04294   0.05841   0.05679    0.0431
    14/299     2.95G   0.06695   0.06571   0.03931     0.172        55       640    0.1347     0.401    0.1187   0.02701   0.05991   0.05362   0.04155
    15/299     2.95G   0.06589    0.0665   0.03754    0.1699        65       640    0.7066    0.1653    0.1263   0.03134   0.06432   0.05087      0.04
    16/299     2.95G   0.06395   0.06328   0.03767    0.1649        53       640    0.9277   0.08527    0.1498   0.04522   0.05645    0.0486   0.03857
    17/299     2.95G   0.06275   0.06523   0.03515    0.1631        59       640    0.1493    0.4408    0.1384   0.03951   0.06166   0.04574    0.0369
    18/299     2.95G   0.06752   0.05776   0.03351    0.1588        64       640     0.876    0.1299    0.1066   0.02844    0.0695   0.03967   0.03537
    19/299     2.95G   0.06277   0.05664   0.03127    0.1507        69       640    0.3057    0.3556    0.1903   0.05993   0.05989   0.03814   0.03415
    20/299     2.95G    0.0642   0.05488   0.03016    0.1492        62       640     0.915    0.1641    0.1718   0.05939   0.05527   0.03741   0.03297
    21/299     2.95G   0.06755   0.05127   0.02926    0.1481        77       640    0.3029     0.333    0.2069   0.05593   0.06049   0.03508   0.03224
    22/299     2.95G   0.06585   0.04898   0.02915     0.144        44       640    0.4145    0.3677    0.2456   0.08806   0.06011   0.03373   0.03127
    23/299     2.95G    0.0629   0.05154   0.02693    0.1414        68       640    0.6491    0.3201    0.2917   0.09883   0.05421   0.03287    0.0307
    24/299     2.95G   0.06274   0.04903   0.02574    0.1375        63       640    0.6336    0.3569    0.2754   0.08478    0.0583   0.03116   0.02984
    25/299     2.95G   0.06188   0.04584   0.02561    0.1333        75       640    0.7527    0.4075    0.3865    0.1373   0.05648   0.03017   0.02905
    26/299     2.95G    0.0626   0.04619   0.02522     0.134        72       640     0.649    0.4257    0.3462   0.09975   0.05858   0.03015   0.02805
    27/299     2.95G   0.05996   0.04438   0.02536    0.1297        62       640    0.7759    0.4059    0.4151     0.158    0.0527   0.02925   0.02767
    28/299     2.95G   0.05958   0.04495   0.02363    0.1282        63       640    0.7315     0.389    0.4106    0.1289   0.05078   0.02854   0.02737
    29/299     2.95G   0.05905   0.04284   0.02384    0.1257        66       640     0.661    0.4001     0.359      0.11   0.05772   0.02851   0.02678
    30/299     2.95G   0.05918   0.04293   0.02332    0.1254        72       640    0.6936     0.445     0.416     0.163   0.04981   0.02724   0.02619
    31/299     2.95G   0.05662   0.04256   0.02318    0.1224        71       640    0.8214    0.3605    0.4902    0.1682   0.04673   0.02723   0.02592
    32/299     2.95G   0.05623   0.04241   0.02195    0.1206        80       640    0.7622    0.4029    0.4449    0.1647   0.04948   0.02732   0.02548
    33/299     2.95G   0.05792   0.04037   0.02119    0.1195        72       640    0.7127     0.382    0.3692    0.1075   0.05054   0.02586   0.02509
    34/299     2.95G   0.05536   0.03881   0.02175    0.1159        43       640    0.3593     0.548    0.3337     0.101    0.0515   0.02557   0.02494
    35/299     2.95G   0.05313   0.03815   0.02141    0.1127        59       640    0.7586     0.453    0.4779    0.2117   0.04508   0.02508   0.02414
    36/299     2.95G   0.05136   0.04129   0.02048    0.1131        70       640    0.8674    0.4593    0.5465    0.2345   0.04228   0.02464   0.02378
    37/299     2.95G   0.05221   0.03834   0.02075    0.1113        47       640    0.7382    0.4526     0.488    0.1881   0.04632   0.02382   0.02317
    38/299     2.95G   0.05217   0.03711   0.02033    0.1096        50       640    0.7666    0.4607    0.4912    0.1845   0.04425   0.02375    0.0227
    39/299     2.95G   0.05184   0.03697    0.0191    0.1079        49       640    0.7689    0.4404    0.5139    0.2128   0.04667   0.02292   0.02204
    40/299     2.95G   0.05123   0.03553   0.01981    0.1066        53       640    0.7338    0.5505    0.5646    0.2856   0.04064   0.02295   0.02171
    41/299     2.95G   0.04832   0.03715   0.01906    0.1045        54       640    0.7955    0.5398    0.5653    0.2647   0.03707   0.02355   0.02123
    42/299     2.95G   0.05472    0.0376   0.01824    0.1106        63       640    0.5583    0.5286    0.4578    0.1881   0.05297   0.02425   0.02112
    43/299     2.95G   0.05893   0.03768   0.01926    0.1159        58       640    0.5609    0.6013    0.5152     0.182   0.05174   0.02346   0.02081
    44/299     2.95G   0.05606    0.0377   0.01863    0.1124        60       640    0.5908    0.5133    0.4959    0.1916   0.04876   0.02269   0.02074
    45/299     2.95G   0.05354   0.03704   0.01874    0.1093        62       640    0.6726    0.5297    0.4517    0.1702   0.05153   0.02247   0.02025
    46/299     2.95G    0.0571   0.03574   0.01873    0.1116        60       640    0.5491    0.5238    0.4848    0.1916   0.04938   0.02305   0.01979
    47/299     2.95G   0.05754   0.03346   0.01819    0.1092        71       640    0.7656    0.4883    0.5331    0.1923   0.04864     0.022   0.01953
    48/299     2.95G   0.05196   0.03338   0.01835    0.1037        55       640    0.5666    0.5767    0.4616    0.1425   0.04461   0.02188    0.0193
    49/299     2.95G   0.05458   0.03495   0.01751     0.107        67       640    0.7605    0.5797    0.5455    0.2258   0.05112    0.0218   0.01845
    50/299     2.95G   0.05682   0.03375   0.01744     0.108        37       640    0.5893    0.5761    0.5092    0.1872   0.04843   0.02184   0.01852
    51/299     2.95G    0.0533   0.03257   0.01732    0.1032        55       640    0.7136    0.4936    0.4923    0.1345   0.05546   0.02204   0.01784
    52/299     2.95G   0.05573   0.03492    0.0169    0.1076        80       640    0.7274    0.5376    0.4834     0.137   0.05182   0.02198   0.01726
    53/299     2.95G   0.05191   0.03412   0.01598     0.102        45       640    0.8352    0.5687    0.6422    0.3409   0.03969    0.0209   0.01691
    54/299     2.95G   0.05039   0.03315   0.01662    0.1002        57       640    0.7155    0.5399    0.5241     0.167    0.0441   0.02093   0.01675
    55/299     2.95G   0.04826   0.03267    0.0166   0.09754        47       640    0.7509     0.587    0.5636    0.2606   0.04421   0.02148   0.01609
    56/299     2.95G    0.0505   0.03379    0.0156   0.09988        72       640    0.7934    0.5934    0.5861    0.2364   0.04042   0.02209   0.01555
    57/299     2.95G   0.05248   0.03565   0.01507    0.1032        55       640    0.8092    0.6004    0.6183    0.2743   0.04409   0.02165   0.01528
    58/299     2.95G   0.04725   0.03394   0.01513   0.09633        58       640    0.8309    0.5411    0.6044    0.2422   0.04289   0.02027   0.01503
    59/299     2.95G   0.05199   0.03375   0.01376    0.0995        63       640    0.7905    0.5554    0.5987     0.254   0.04168   0.02084   0.01459
    60/299     2.95G   0.04602   0.03338   0.01298   0.09237        70       640    0.6874    0.6683    0.6004    0.3271   0.04082    0.0196     0.014
    61/299     2.95G   0.04594   0.03186   0.01305   0.09085        60       640    0.7303    0.6671    0.6455    0.2779   0.03832   0.02058   0.01359
    62/299     2.95G   0.04489    0.0324    0.0126   0.08989        59       640    0.8059    0.5754    0.5998     0.247   0.03906   0.02021   0.01322
    63/299     2.95G   0.04621   0.03249   0.01382   0.09252        44       640    0.8741    0.5524    0.6331    0.3072    0.0384   0.02022   0.01303
    64/299     2.95G   0.04493   0.03191   0.01223   0.08907        70       640    0.6943    0.7049    0.6551    0.2986   0.03962   0.02066   0.01242
    65/299     2.95G   0.04597   0.03731    0.0121   0.09538        60       640    0.7154    0.7061    0.6923    0.3466    0.0369   0.02172   0.01203
    66/299     2.95G   0.04151   0.03518   0.01193   0.08863        66       640    0.8747    0.7074    0.7393     0.401   0.03549   0.02024   0.01152
    67/299     2.95G   0.04356   0.03023   0.01128   0.08507        62       640    0.7581    0.6937    0.6953    0.3655   0.04178   0.01935   0.01114
    68/299     2.95G   0.04471   0.02996   0.01136   0.08603        51       640    0.8145     0.692     0.694    0.3616   0.03668   0.01946   0.01146
    69/299     2.95G    0.0549   0.03054    0.0108   0.09625        39       640    0.5516    0.5963    0.3251    0.1011   0.07064   0.01954   0.01132
    70/299     2.95G   0.06845   0.03562   0.01147    0.1155        72       640    0.7175    0.6257     0.627    0.3101   0.04786   0.02181    0.0117
    71/299     2.95G   0.04908   0.03518   0.01148   0.09574        49       640    0.8258    0.6816    0.6997    0.3371   0.04042   0.02105    0.0112
    72/299     2.95G     0.051   0.03065   0.01094   0.09259        79       640    0.6902     0.702    0.6702    0.2614    0.0464   0.02015   0.01097
    73/299     2.95G   0.04866   0.03291   0.01227   0.09384        58       640    0.7585    0.7001    0.7613    0.3499   0.03929   0.02004   0.01122
    74/299     2.95G   0.04865   0.03251   0.01183   0.09299        62       640    0.6592    0.6849    0.6469    0.2481   0.04068   0.01943   0.01116
    75/299     2.95G   0.04822   0.03245   0.01117   0.09183        72       640    0.6613    0.7028    0.7291    0.2879   0.04299   0.02062   0.01083
    76/299     2.95G   0.04838   0.03186   0.01019   0.09043        72       640    0.7896    0.6757    0.7465    0.3407   0.04064   0.02007   0.01033
    77/299     2.95G   0.04657    0.0296    0.0105   0.08668        57       640    0.8863    0.6305     0.777    0.3992   0.03818   0.01945   0.01033
    78/299     2.95G   0.04689   0.03194  0.009778   0.08861        68       640    0.7817    0.6651    0.7565    0.3075   0.04011   0.01951  0.009955
    79/299     2.95G   0.04911   0.03152  0.009796   0.09043        51       640    0.9036    0.5992     0.813    0.3825   0.04132   0.01895  0.009662
    80/299     2.95G   0.05122   0.03152   0.00959   0.09233        61       640      0.87    0.6243    0.8047    0.3479   0.04063   0.01904  0.009757
    81/299     2.95G   0.04572   0.03153  0.009337   0.08659        72       640    0.8722     0.675     0.822    0.4351   0.03523   0.01907  0.009477
    82/299     2.95G   0.04447   0.02919  0.009519   0.08318        53       640    0.8389    0.5936    0.7869    0.3687   0.04017   0.01852   0.00933
    83/299     2.95G   0.05028   0.02962  0.008865   0.08877        54       640    0.7229    0.6452    0.7682    0.3452   0.03898   0.01878  0.009072
    84/299     2.95G   0.04238   0.03281  0.008568   0.08376        50       640    0.8802    0.6932    0.8325    0.4571   0.03472   0.02044  0.008886
    85/299     2.95G   0.04086   0.03445  0.008698   0.08402        48       640    0.9168    0.7186    0.8579    0.4796   0.03316   0.01891  0.008718
    86/299     2.95G   0.04499   0.03024  0.008342   0.08358        60       640    0.8767    0.7009    0.8047    0.3116   0.04408    0.0193  0.008388
    87/299     2.95G   0.04915   0.02976  0.008803   0.08771        49       640    0.7054    0.8127    0.8189    0.4157   0.03174   0.01922  0.008692
    88/299     2.95G   0.04042   0.02996  0.007725    0.0781        63       640    0.6979    0.8153     0.877    0.4666   0.03334   0.01896  0.008514
    89/299     2.95G   0.04158   0.03026  0.007842   0.07968        55       640    0.8805     0.814    0.9094    0.5288   0.02953   0.01813  0.008401
    90/299     2.95G   0.03895   0.02952  0.008587   0.07706        60       640    0.7934    0.8164    0.9029    0.4298   0.03368   0.01841  0.008235
    91/299     2.95G   0.04069   0.03123  0.008067   0.07999        53       640    0.7056    0.9086    0.9286    0.5176    0.0298   0.01793   0.00806
    92/299     2.95G   0.03782   0.02811  0.008534   0.07446        52       640    0.7794    0.9086    0.9361    0.5456   0.02923   0.01818  0.007876
    93/299     2.95G   0.03717   0.02867   0.00804   0.07388        50       640    0.7708    0.9086    0.9304    0.5477   0.03127   0.01842  0.007662
    94/299     2.95G   0.03909   0.03036   0.00706    0.0765        37       640     0.831    0.8486    0.9263    0.5293   0.03081   0.01832  0.007405
    95/299     2.95G   0.03764   0.02888  0.007757   0.07428        62       640    0.7963    0.8466    0.9395    0.5462   0.02945   0.01782  0.007132
    96/299     2.95G   0.03853   0.02803   0.00699   0.07355        52       640    0.8278    0.8481    0.9242    0.5164   0.03282   0.01748  0.007131
    97/299     2.95G   0.03963   0.02893  0.006506   0.07506        68       640    0.7659    0.9082    0.9254    0.5071   0.03259   0.01751  0.007171
    98/299     2.95G   0.03858   0.02888  0.006766   0.07422        79       640    0.8203    0.9068    0.9216    0.5307   0.02976   0.01729  0.006989
    99/299     2.95G   0.03829   0.02786  0.006703   0.07286        74       640    0.7192    0.9068     0.926       0.5   0.03092   0.01751  0.006923
   100/299     2.95G   0.03988   0.02938  0.006723   0.07598        61       640    0.7962    0.8808    0.9209    0.4989   0.03183   0.01737  0.006975
   101/299     2.95G   0.03777   0.02979  0.007186   0.07474        70       640    0.7735    0.9068    0.9225    0.5577   0.02886     0.017  0.006943
   102/299     2.95G   0.03558   0.02904  0.006602   0.07122        48       640    0.8086    0.8967    0.9121    0.5286   0.02972    0.0175  0.006702
   103/299     2.95G   0.03868   0.02744  0.006636   0.07275        49       640    0.7889    0.9068    0.9129    0.5271   0.02836   0.01722  0.006648
   104/299     2.95G   0.03498   0.02848  0.006578   0.07004        51       640    0.9011    0.9068     0.936    0.5873   0.02623     0.017  0.006813
   105/299     2.95G   0.03389   0.02856  0.006687   0.06914        32       640    0.7138    0.9423    0.9213    0.4932   0.02924   0.01791  0.006544
   106/299     2.95G   0.03565   0.02995    0.0061    0.0717        54       640    0.8505    0.8884    0.9162    0.5269    0.0276   0.01676  0.006368
   107/299     2.95G   0.03473   0.02769  0.006229   0.06865        66       640    0.8561    0.9086    0.9283    0.5512   0.02704   0.01636  0.006206
   108/299     2.95G     0.033     0.027  0.006231   0.06623        61       640    0.9098    0.9086    0.9376    0.5888   0.02537    0.0163  0.006121
   109/299     2.95G   0.03283   0.02756   0.00619   0.06659        71       640    0.8663    0.9068    0.9305    0.5745   0.02578   0.01628  0.005971
   110/299     2.95G   0.03467   0.02895  0.005616   0.06924        61       640    0.7614    0.9409    0.9268     0.576   0.02735    0.0164  0.005885
   111/299     2.95G   0.03563   0.02718  0.006039   0.06884        64       640    0.7526    0.9409    0.9274     0.532   0.02675   0.01605  0.005906
   112/299     2.95G   0.03408   0.02733  0.006159   0.06757        53       640    0.9167    0.9068    0.9294    0.5899    0.0255   0.01611   0.00595
   113/299     2.95G   0.03107   0.02646  0.005635   0.06317        63       640    0.9286    0.8794    0.9245    0.5749   0.02664   0.01617  0.005775
   114/299     2.95G   0.03445   0.02831   0.00543   0.06818        61       640    0.9006    0.9086     0.925     0.588   0.02564   0.01636  0.005548
   115/299     2.95G    0.0345   0.02679   0.00535   0.06664        47       640    0.8268    0.9409    0.9347    0.6167   0.02513   0.01599  0.005455
   116/299     2.95G   0.03341   0.02739  0.005135   0.06593        41       640    0.9215    0.9068    0.9348    0.6332   0.02494   0.01638  0.005428
   117/299     2.95G   0.03416   0.02652  0.005047   0.06573        45       640    0.9226    0.9068     0.936    0.5975    0.0263   0.01643  0.005468
   118/299     2.95G    0.0355   0.02691  0.005356   0.06777        77       640    0.9547    0.9068    0.9348    0.5794   0.02645   0.01657  0.005443
   119/299     2.95G   0.03566   0.02743  0.005289   0.06838        80       640    0.9619    0.8785    0.9361    0.6307   0.02555   0.01661    0.0054
   120/299     2.95G   0.03287   0.02539  0.004808   0.06306        67       640    0.9135    0.9057    0.9275    0.6331    0.0241   0.01636  0.005447
   121/299     2.95G   0.03148   0.02717  0.004992   0.06363        73       640    0.9801    0.9079    0.9315    0.6489   0.02475   0.01611  0.005303
   122/299     2.95G   0.03191   0.02859  0.004975   0.06547        78       640     0.983    0.9081    0.9313    0.6253   0.02393    0.0158  0.004988
   123/299     2.95G   0.03136   0.02462  0.004691   0.06067        37       640    0.9722    0.9079    0.9321    0.6112     0.024   0.01604  0.004811
   124/299     2.95G   0.03703   0.02732  0.004453    0.0688        60       640     0.957    0.9035    0.9307    0.5733   0.02663   0.01623  0.004787
   125/299     2.95G   0.03202   0.02698  0.004933   0.06394        60       640     0.985    0.9068     0.935    0.5938   0.02516   0.01596   0.00485
   126/299     2.95G   0.03106    0.0259  0.004753   0.06171        67       640    0.9707    0.9082     0.935    0.6329   0.02245   0.01572  0.004861
   127/299     2.95G   0.03011   0.02658  0.004803   0.06149        64       640    0.9895    0.9057    0.9415    0.6355   0.02391   0.01588   0.00476
   128/299     2.95G   0.03074   0.02686   0.00508   0.06268        63       640     0.876    0.9432    0.9364     0.622   0.02501   0.01604  0.004729
   129/299     2.95G   0.03219   0.02629  0.004304   0.06278        67       640    0.8476    0.9419    0.9211    0.5621   0.02424   0.01577   0.00463
   130/299     2.95G   0.03175    0.0265  0.004943   0.06319        72       640    0.9913    0.9046    0.9363    0.6383   0.02273   0.01583  0.004694
   131/299     2.95G   0.03005   0.02704  0.004559   0.06164        63       640     0.946    0.9062      0.93    0.6357   0.02343   0.01559    0.0046
   132/299     2.95G   0.02917   0.02635  0.004903   0.06042        39       640    0.8754    0.9432    0.9315    0.6471   0.02223   0.01545  0.004558
   133/299     2.95G   0.02963   0.02606  0.004303   0.05999        56       640    0.8772    0.9432    0.9309     0.664   0.02224   0.01518  0.004565
   134/299     2.95G   0.02916   0.02641  0.004593   0.06016        56       640    0.9893    0.9073    0.9298    0.6591   0.02155   0.01547  0.004542
   135/299     2.95G   0.02658    0.0246  0.004926    0.0561        43       640    0.9897    0.9076    0.9297    0.6668   0.02188   0.01535  0.004415
   136/299     2.95G   0.02854     0.025  0.004193   0.05774        80       640    0.9888    0.9077    0.9298    0.6131   0.02245   0.01537  0.004268
   137/299     2.95G   0.03145   0.02667  0.004521   0.06264        75       640    0.9921    0.9075    0.9297    0.6268   0.02264   0.01571   0.00424
   138/299     2.95G   0.03152   0.02556   0.00402    0.0611        62       640    0.9918     0.907    0.9297    0.6386   0.02347   0.01572   0.00425
   139/299     2.95G   0.02832   0.02567  0.004473   0.05847        66       640    0.9954    0.9064    0.9297    0.6402   0.02318   0.01581  0.004283
   140/299     2.95G   0.02845   0.02598  0.004631   0.05906        66       640    0.9603    0.9063    0.9297    0.6373   0.02232   0.01543  0.004265
   141/299     2.95G   0.02888   0.02593  0.004336   0.05915        57       640    0.8581    0.9427    0.9314     0.652   0.02215   0.01534  0.004218
   142/299     2.95G   0.02659   0.02443   0.00429   0.05532        55       640    0.9944    0.9067    0.9297    0.6612   0.02143    0.0153  0.004204
   143/299     2.95G   0.02841   0.02532  0.004326   0.05806        56       640    0.8652    0.9775     0.935    0.6626   0.02067   0.01505  0.004172
   144/299     2.95G   0.02687     0.025  0.004174   0.05604        59       640    0.8664    0.9791    0.9363    0.6582   0.02126   0.01516  0.004124
   145/299     2.95G   0.02752   0.02444  0.003819   0.05577        62       640    0.8683    0.9828     0.935    0.6556   0.02127   0.01506  0.004065
   146/299     2.95G   0.02561   0.02537  0.004036   0.05502        50       640    0.8828    0.9429    0.9385    0.6495    0.0214   0.01525  0.004054
   147/299     2.95G   0.02796   0.02599  0.004225   0.05818        63       640    0.8968    0.9431    0.9372    0.6334   0.02368   0.01539  0.003982
   148/299     2.95G   0.02857   0.02556  0.003779   0.05791        74       640    0.9949    0.9041    0.9299    0.6604   0.02323   0.01551     0.004
   149/299     2.95G   0.03036   0.02502  0.003801   0.05918        45       640    0.8661    0.9802    0.9364     0.616   0.02301   0.01547  0.003993
   150/299     2.95G   0.02921    0.0247  0.003867   0.05779        60       640     0.861    0.9837    0.9364    0.6474     0.022   0.01529  0.004016
   151/299     2.95G   0.03062   0.02719  0.004032   0.06185        66       640    0.8674    0.9773    0.9317    0.6549   0.02076   0.01518  0.004088
   152/299     2.95G   0.02492   0.02411  0.003874    0.0529        38       640    0.8669    0.9773    0.9317    0.6838   0.02085   0.01525  0.004105
   153/299     2.95G   0.02455   0.02517  0.003632   0.05335        42       640    0.8918    0.9432    0.9408    0.6986   0.02043   0.01492  0.004001
   154/299     2.95G   0.02459   0.02589   0.00362   0.05409        70       640    0.8935    0.9432    0.9415    0.6958   0.02117   0.01495  0.003853
   155/299     2.95G   0.02471   0.02405  0.003552    0.0523        55       640    0.8662    0.9773    0.9336    0.6935     0.021    0.0154   0.00369
   156/299     2.95G   0.02553   0.02387  0.003729   0.05312        57       640    0.8903    0.9432    0.9393    0.6717   0.02087   0.01498  0.003591
   157/299     2.95G   0.02486    0.0243  0.003634    0.0528        58       640     0.893    0.9432    0.9415    0.6629   0.02191   0.01538  0.003595
   158/299     2.95G   0.02579   0.02531  0.003664   0.05476        78       640    0.9355    0.9432    0.9586    0.6808   0.02022   0.01491  0.003635
   159/299     2.95G   0.02605   0.02437  0.003592   0.05401        44       640    0.8951    0.9432    0.9494    0.6959   0.01989   0.01517  0.003623
   160/299     2.95G   0.02508   0.02479  0.003809   0.05368        50       640    0.9406    0.9432    0.9586    0.6964   0.01967   0.01474  0.003624
   161/299     2.95G   0.02532   0.02472  0.003662   0.05369        58       640    0.8712    0.9773    0.9351    0.7049   0.01932   0.01495  0.003621
   162/299     2.95G   0.02467    0.0243  0.003513   0.05248        56       640    0.8697    0.9855    0.9351    0.6673   0.02105   0.01518  0.003599
   163/299     2.95G   0.02598   0.02373  0.003677   0.05339        66       640    0.8935    0.9432    0.9408    0.6858    0.0204    0.0151  0.003591
   164/299     2.95G   0.02486   0.02364  0.003542   0.05204        64       640    0.8642    0.9773    0.9351    0.7022   0.01998   0.01475  0.003532
   165/299     2.95G   0.02559   0.02431   0.00376   0.05365        52       640    0.9399    0.9431    0.9578    0.6994   0.01923   0.01455  0.003501
   166/299     2.95G   0.02445   0.02395  0.003353   0.05176        64       640    0.9475    0.9427    0.9578    0.7048   0.01988   0.01468  0.003452
   167/299     2.95G   0.02526   0.02374  0.003507   0.05251        41       640    0.9558    0.9427    0.9578    0.6854   0.01933   0.01465  0.003444
   168/299     2.95G   0.02389   0.02353  0.003491   0.05091        81       640    0.9566    0.9427    0.9578    0.7054    0.0193   0.01476  0.003391
   169/299     2.95G   0.02547   0.02384  0.003327   0.05263        46       640    0.9505    0.9431    0.9578    0.6961   0.01967   0.01496  0.003343
   170/299     2.95G   0.02451   0.02445  0.003306   0.05227        61       640     0.949    0.9431    0.9586     0.719   0.01863    0.0148  0.003328
   171/299     2.95G   0.02314   0.02293  0.003027    0.0491        61       640    0.9498    0.9427    0.9586    0.7025   0.01944   0.01466  0.003328
   172/299     2.95G   0.02333   0.02323  0.003367   0.04992        45       640    0.9514    0.9427    0.9578    0.7151   0.01912    0.0147  0.003325
   173/299     2.95G   0.02371   0.02326  0.003353   0.05032        46       640    0.9534    0.9431    0.9578    0.7079   0.01996   0.01474   0.00334
   174/299     2.95G   0.02561   0.02352  0.003306   0.05243        64       640      0.96    0.9431    0.9601    0.7136   0.02088   0.01468  0.003366
   175/299     2.95G   0.02552   0.02457  0.003063   0.05316        69       640    0.9604    0.9427    0.9634    0.7354   0.01947   0.01455  0.003399
   176/299     2.95G   0.02353    0.0238   0.00345   0.05078        55       640    0.9608    0.9427    0.9634    0.6907   0.02074   0.01455  0.003361
   177/299     2.95G   0.02475   0.02309   0.00335   0.05119        63       640    0.9621    0.9427    0.9634    0.6941   0.01913    0.0143  0.003309
   178/299     2.95G   0.02377   0.02316  0.003538   0.05047        53       640    0.9628    0.9427    0.9634    0.6704   0.02088   0.01451   0.00328
   179/299     2.95G   0.02623   0.02359  0.003551   0.05337        66       640     0.964    0.9427    0.9701    0.7067   0.01937   0.01459  0.003283
   180/299     2.95G   0.02297   0.02248  0.003279   0.04873        52       640    0.9644    0.9431    0.9634    0.7107   0.01865    0.0143  0.003297
   181/299     2.95G   0.02435   0.02358  0.003188   0.05112        64       640    0.9614    0.9432    0.9638    0.7013   0.01927   0.01439  0.003314
   182/299     2.95G   0.02381   0.02311   0.00331   0.05023        50       640    0.9603    0.9432    0.9634    0.6645   0.02023   0.01432  0.003314
   183/299     2.95G   0.02307   0.02234  0.003437   0.04885        41       640    0.9466    0.9773    0.9802    0.7247   0.01831   0.01423  0.003266
   184/299     2.95G   0.02155   0.02273  0.003321   0.04761        57       640    0.9464    0.9773    0.9802     0.752   0.01759   0.01415  0.003229
   185/299     2.95G   0.02162    0.0228  0.002868   0.04728        73       640    0.9479    0.9773    0.9802    0.7252   0.01864   0.01427  0.003207
   186/299     2.95G    0.0233   0.02372  0.003294   0.05031        79       640    0.9487    0.9773    0.9813    0.7412   0.01852   0.01414  0.003192
   187/299     2.95G   0.02371   0.02338  0.002977   0.05006        55       640    0.9473    0.9773    0.9827    0.7196   0.01842   0.01402  0.003122
   188/299     2.95G   0.02356   0.02325  0.002955   0.04977        45       640    0.9473    0.9773    0.9848    0.7274   0.01834   0.01411  0.003079
   189/299     2.95G   0.02254   0.02182  0.002829    0.0472        54       640    0.9457    0.9773    0.9929    0.7233   0.01862   0.01441  0.003028
   190/299     2.95G   0.02331   0.02338   0.00297   0.04966        84       640    0.9288         1    0.9942    0.7371   0.01825   0.01414   0.00299
   191/299     2.95G   0.02174   0.02338  0.003082   0.04819        45       640    0.9288         1    0.9928    0.7427   0.01805   0.01403  0.002956
   192/299     2.95G   0.02285   0.02223  0.002881   0.04796        60       640    0.9285         1    0.9942    0.7682   0.01744   0.01388  0.002889
   193/299     2.95G   0.02225   0.02366  0.002603   0.04851        72       640    0.9461    0.9852    0.9954    0.7466   0.01867    0.0141   0.00286
   194/299     2.95G   0.02316   0.02263  0.002744   0.04853        63       640    0.9363         1    0.9928    0.7428   0.01914    0.0148  0.002837
   195/299     2.95G    0.0227   0.02241  0.002742   0.04785        59       640    0.9373         1    0.9929     0.747   0.01854   0.01393    0.0028
   196/299     2.95G   0.02343   0.02396  0.002727   0.05012        39       640    0.9559    0.9874    0.9954    0.7466   0.01866   0.01416  0.002814
   197/299     2.95G   0.02237   0.02336   0.00268   0.04841        61       640    0.9472         1    0.9954    0.7692   0.01784   0.01392  0.002834
   198/299     2.95G   0.02103   0.02402  0.003016   0.04806        67       640    0.9699    0.9844    0.9942    0.7689   0.01704   0.01369  0.002825
   199/299     2.95G   0.02151   0.02285   0.00259   0.04695        51       640     0.973    0.9775    0.9942    0.7604   0.01765    0.0138  0.002829
   200/299     2.95G   0.02214   0.02314  0.003073   0.04835        66       640    0.9506         1    0.9929    0.7707   0.01761   0.01382    0.0028
   201/299     2.95G   0.02167   0.02254  0.002656   0.04687        41       640     0.973    0.9866    0.9954    0.7752   0.01764   0.01381  0.002766
   202/299     2.95G   0.02158    0.0222   0.00309   0.04687        54       640    0.9734    0.9862    0.9954    0.7764   0.01771   0.01388  0.002733
   203/299     2.95G   0.02136   0.02247  0.002643   0.04647        53       640    0.9533         1    0.9929    0.7545   0.01821   0.01376  0.002709
   204/299     2.95G   0.02165   0.02232  0.002809   0.04678        49       640    0.9641         1    0.9942    0.7518    0.0173   0.01358  0.002705
   205/299     2.95G   0.02183   0.02214  0.002446   0.04642        60       640    0.9635         1    0.9942    0.7506    0.0187   0.01384  0.002711
   206/299     2.95G   0.02243   0.02302  0.002953    0.0484        56       640    0.9629         1    0.9942     0.753   0.01836   0.01376  0.002731
   207/299     2.95G   0.02054   0.02259  0.002597   0.04573        57       640    0.9781    0.9755    0.9928    0.7671   0.01884   0.01391  0.002747
   208/299     2.95G   0.02056   0.02147  0.002766    0.0448        59       640    0.9733     0.986    0.9942    0.7687   0.01742   0.01368  0.002704
   209/299     2.95G   0.02033   0.02316  0.002567   0.04605        72       640    0.9792    0.9755    0.9929    0.7641   0.01763   0.01365  0.002624
   210/299     2.95G   0.02136   0.02232  0.002467   0.04614        63       640    0.9731    0.9878    0.9942    0.7454    0.0183   0.01387   0.00255
   211/299     2.95G   0.02208    0.0213  0.002654   0.04603        54       640    0.9629         1    0.9929    0.7575   0.01686   0.01348  0.002505
   212/299     2.95G   0.02043    0.0212  0.002303   0.04394        59       640    0.9621         1    0.9954    0.7818    0.0164   0.01359  0.002493
   213/299     2.95G   0.02008   0.02155  0.002371     0.044        50       640    0.9633         1    0.9942    0.7749    0.0166    0.0135  0.002474
   214/299     2.95G   0.02064   0.02148   0.00245   0.04457        43       640    0.9634         1    0.9942    0.7693   0.01702   0.01365  0.002471
   215/299     2.95G   0.02024   0.02294  0.002455   0.04563        55       640    0.9642         1    0.9954     0.783   0.01669   0.01362  0.002461
   216/299     2.95G   0.01992   0.02117   0.00251    0.0436        65       640     0.965         1    0.9929    0.7816   0.01642   0.01351  0.002432
   217/299     2.95G    0.0203   0.02194  0.002424   0.04466        64       640    0.9658         1    0.9929    0.7573   0.01704    0.0137   0.00241
   218/299     2.95G   0.01942   0.02262  0.002419   0.04445        77       640    0.9673         1    0.9954    0.7687   0.01657    0.0136   0.00237
   219/299     2.95G   0.02021    0.0224  0.002377   0.04498        58       640    0.9697         1    0.9942    0.7815   0.01639   0.01343  0.002334
   220/299     2.95G   0.01961   0.02147  0.002178   0.04326        61       640     0.973    0.9982    0.9929    0.7654   0.01708   0.01344  0.002338
   221/299     2.95G   0.01991   0.02275  0.002288   0.04495        52       640     0.975    0.9996    0.9942    0.7713   0.01655    0.0134  0.002316
   222/299     2.95G   0.01943   0.02254  0.002247   0.04422        69       640    0.9761    0.9995    0.9942    0.7616   0.01708   0.01356  0.002268
   223/299     2.95G   0.02107   0.02302  0.002144   0.04623        60       640    0.9759    0.9982    0.9929    0.7656   0.01675   0.01339   0.00223
   224/299     2.95G   0.02072   0.02286  0.002104   0.04568        48       640    0.9764    0.9977    0.9942    0.7785    0.0168   0.01342  0.002204
   225/299     2.95G   0.02054   0.02304  0.002209   0.04578        72       640     0.976    0.9977    0.9954    0.7732   0.01664   0.01337   0.00219
   226/299     2.95G   0.02049   0.02292  0.002434   0.04585        76       640    0.9735    0.9999    0.9954    0.7685   0.01722   0.01351   0.00218
   227/299     2.95G   0.02109    0.0219  0.002068   0.04506        67       640    0.9717    0.9999    0.9929    0.7475    0.0174    0.0137   0.00219
   228/299     2.95G   0.02101   0.02207  0.002376   0.04546        66       640    0.9698    0.9995    0.9954    0.7697   0.01696   0.01365  0.002209
   229/299     2.95G   0.01967   0.02135  0.002125   0.04315        48       640    0.9705    0.9999    0.9929    0.7894     0.017   0.01356  0.002213
   230/299     2.95G   0.02079   0.02357  0.002519   0.04688        69       640    0.9685    0.9995    0.9942    0.7879    0.0163   0.01344  0.002224
   231/299     2.95G    0.0199    0.0222  0.002092   0.04418        48       640     0.969    0.9995    0.9942    0.7797   0.01654   0.01334  0.002232
   232/299     2.95G   0.01996   0.02128  0.002204   0.04344        50       640    0.9696    0.9995    0.9942    0.7824   0.01674   0.01336  0.002222
   233/299     2.95G   0.01971   0.02213  0.002301   0.04414        67       640    0.9691         1    0.9928    0.7811   0.01635   0.01334  0.002209
   234/299     2.95G    0.0201   0.02119  0.002194   0.04348        52       640    0.9689         1    0.9942    0.7701   0.01726   0.01344  0.002203
   235/299     2.95G   0.02066    0.0217  0.002329   0.04469        76       640    0.9676         1    0.9942    0.7671   0.01651   0.01338  0.002209
   236/299     2.95G   0.01911   0.02207  0.002206   0.04339        56       640     0.969         1    0.9929    0.7742   0.01658   0.01329  0.002197
   237/299     2.95G   0.01941   0.02164  0.002181   0.04323        62       640    0.9704         1    0.9954    0.7835   0.01627   0.01328   0.00217
   238/299     2.95G   0.01855   0.02055  0.001963   0.04107        39       640    0.9714         1    0.9954    0.7737   0.01612   0.01323  0.002145
   239/299     2.95G   0.01892   0.02137  0.002188   0.04248        62       640    0.9744    0.9982    0.9942    0.7716   0.01585   0.01318  0.002114
   240/299     2.95G   0.01931   0.02114   0.00184   0.04229        65       640    0.9737    0.9982    0.9954    0.7697   0.01671   0.01334  0.002096
   241/299     2.95G    0.0192   0.02144  0.002282   0.04292        56       640    0.9747    0.9999    0.9942    0.7705   0.01674   0.01337  0.002098
   242/299     2.95G   0.01898   0.02276  0.002133   0.04387        90       640    0.9736    0.9977    0.9928    0.7747   0.01649   0.01333  0.002083
   243/299     2.95G    0.0184   0.02094  0.001991   0.04133        51       640    0.9743    0.9977    0.9954    0.7793   0.01605    0.0133  0.002063
   244/299     2.95G    0.0191   0.02151  0.001952   0.04257        60       640    0.9759    0.9981    0.9942    0.7891   0.01582   0.01327  0.002057
   245/299     2.95G   0.01906   0.02069  0.001869   0.04162        43       640    0.9777    0.9998    0.9929    0.7861   0.01582   0.01311  0.002044
   246/299     2.95G   0.01892   0.02083  0.001985   0.04173        52       640     0.977     0.998    0.9954    0.7959   0.01579   0.01303  0.002024
   247/299     2.95G   0.01878   0.02239  0.002341   0.04351        56       640    0.9739    0.9995    0.9942    0.7838   0.01599   0.01305  0.002022
   248/299     2.95G   0.01809    0.0202  0.001951   0.04024        62       640    0.9733         1    0.9929    0.7776    0.0159   0.01315  0.002018
   249/299     2.95G   0.01832   0.02121  0.001936   0.04146        39       640    0.9714         1    0.9954     0.791   0.01567   0.01297  0.002008
   250/299     2.95G   0.01865   0.02141   0.00194     0.042        42       640    0.9707         1    0.9954    0.7744   0.01659   0.01336  0.002004
   251/299     2.95G   0.01847   0.02172  0.002046   0.04223        51       640    0.9716         1    0.9954    0.7775   0.01625   0.01328  0.001971
   252/299     2.95G   0.01778   0.02186  0.001963   0.04161        63       640    0.9753    0.9977    0.9942    0.7946   0.01549   0.01306  0.001942
   253/299     2.95G   0.01795   0.02152  0.001767   0.04124        62       640    0.9776    0.9981    0.9942    0.8011   0.01567    0.0131  0.001921
   254/299     2.95G   0.01872   0.02144  0.001715   0.04187        51       640    0.9788    0.9976    0.9942    0.7997   0.01555   0.01302  0.001913
   255/299     2.95G   0.01782   0.02051   0.00218   0.04051        53       640    0.9804     0.999    0.9942    0.7974   0.01579   0.01294  0.001899
   256/299     2.95G   0.01785   0.02147  0.001848   0.04117        61       640    0.9787    0.9977    0.9942    0.7838   0.01561   0.01293  0.001877
   257/299     2.95G   0.01835   0.02013  0.001823    0.0403        48       640    0.9784    0.9977    0.9942    0.7827    0.0154   0.01289  0.001858
   258/299     2.95G   0.01895   0.02208  0.001777    0.0428        65       640    0.9794     0.998    0.9954    0.8029   0.01563   0.01288  0.001845
   259/299     2.95G   0.01864   0.02127  0.001743   0.04165        64       640    0.9796    0.9979    0.9942    0.7997   0.01547   0.01292  0.001839
   260/299     2.95G   0.01865   0.02211  0.001842    0.0426        65       640    0.9797    0.9979    0.9954     0.797   0.01558   0.01298  0.001833
   261/299     2.95G   0.01817   0.02078  0.001904   0.04085        71       640    0.9793    0.9979    0.9929    0.7887   0.01526     0.013  0.001833
   262/299     2.95G   0.01764   0.02053   0.00161   0.03978        65       640    0.9807    0.9993    0.9942     0.793   0.01491   0.01282  0.001818
   263/299     2.95G   0.01901   0.02256  0.001812   0.04339        67       640    0.9799    0.9977    0.9942    0.8018   0.01492   0.01292  0.001805
   264/299     2.95G   0.01792     0.021  0.001951   0.04087        75       640    0.9807    0.9979    0.9954    0.7967    0.0151   0.01285    0.0018
   265/299     2.95G   0.01749   0.02217  0.001665   0.04133        78       640    0.9808    0.9977    0.9942    0.7894    0.0153   0.01294  0.001799
   266/299     2.95G   0.01803   0.02007  0.001759   0.03986        54       640    0.9803    0.9977    0.9954    0.7929   0.01517   0.01293  0.001796
   267/299     2.95G   0.01771   0.01998  0.001558   0.03925        66       640    0.9806    0.9977    0.9954    0.7938   0.01557   0.01284  0.001795
   268/299     2.95G   0.01799    0.0209  0.001712    0.0406        70       640    0.9808    0.9979    0.9929    0.7941   0.01543   0.01274  0.001796
   269/299     2.95G   0.01785   0.02046  0.001624   0.03993        58       640    0.9796    0.9977    0.9929    0.7985   0.01523   0.01287  0.001796
   270/299     2.95G   0.01715   0.02091  0.001791   0.03985        48       640    0.9802    0.9988    0.9942    0.7941    0.0152   0.01275  0.001799
   271/299     2.95G   0.01776   0.02083  0.001863   0.04045        85       640    0.9806    0.9988    0.9954    0.7919   0.01519   0.01273  0.001797
   272/299     2.95G   0.01721    0.0223  0.001785    0.0413        84       640    0.9806    0.9989    0.9929    0.7695   0.01612   0.01306  0.001791
   273/299     2.95G    0.0172   0.02032  0.001586   0.03911        50       640    0.9809    0.9986    0.9954    0.7931   0.01541   0.01292  0.001777
   274/299     2.95G   0.01819   0.02092  0.001822   0.04093        58       640    0.9813    0.9979    0.9942    0.7931   0.01526   0.01291  0.001768
   275/299     2.95G   0.01856   0.02138  0.001681   0.04162        64       640    0.9821    0.9986    0.9954    0.7876   0.01549   0.01287  0.001759
   276/299     2.95G   0.01794   0.02052   0.00175   0.04021        69       640     0.982    0.9985    0.9929    0.7945   0.01521   0.01279  0.001757
   277/299     2.95G   0.01752   0.02137  0.001624   0.04052        80       640    0.9818    0.9977    0.9942     0.789   0.01511   0.01259  0.001744
   278/299     2.95G   0.01756   0.02147  0.001763   0.04079        68       640    0.9806    0.9977    0.9954     0.796   0.01546   0.01265  0.001728
   279/299     2.95G   0.01813   0.02088  0.001877   0.04088        52       640    0.9794     0.998    0.9942     0.788   0.01566   0.01274  0.001718
   280/299     2.95G   0.01811   0.02139  0.001782   0.04129        45       640    0.9787    0.9977    0.9954    0.7871   0.01563   0.01274  0.001711
   281/299     2.95G   0.01845   0.02067  0.001695   0.04081        81       640     0.976    0.9995    0.9929    0.7744   0.01641   0.01289  0.001716
   282/299     2.95G   0.01893   0.02063  0.001555   0.04112        42       640    0.9909    0.9856    0.9942    0.7867   0.01583   0.01287  0.001723
   283/299     2.95G   0.01762   0.02118  0.001676   0.04047        52       640    0.9754    0.9995    0.9954    0.7899    0.0158   0.01297  0.001736
   284/299     2.95G   0.01758   0.02057  0.001685   0.03983        66       640     0.975    0.9995    0.9942    0.7989   0.01536   0.01292  0.001743
   285/299     2.95G   0.01769    0.0207  0.001671   0.04006        40       640    0.9744    0.9995    0.9954    0.7991   0.01543   0.01283  0.001749
   286/299     2.95G   0.01788   0.02105  0.001609   0.04054        78       640    0.9739    0.9995    0.9942    0.7899   0.01534   0.01282  0.001748
   287/299     2.95G   0.01669   0.02045   0.00164   0.03878        56       640    0.9749    0.9999    0.9942    0.7945   0.01503   0.01272  0.001733
   288/299     2.95G    0.0174   0.02225  0.001501   0.04115        78       640     0.975    0.9995    0.9929    0.7926   0.01549   0.01283  0.001722
   289/299     2.95G   0.01794   0.02124   0.00182     0.041        52       640     0.976    0.9998    0.9954     0.798   0.01543   0.01279   0.00171
   290/299     2.95G   0.01766   0.02066  0.001552   0.03987        76       640    0.9797    0.9994    0.9942    0.7855   0.01519   0.01267  0.001697
   291/299     2.95G   0.01788   0.02024  0.001578   0.03969        47       640    0.9779    0.9977    0.9929    0.7743   0.01562   0.01269  0.001684
   292/299     2.95G   0.01808   0.02122  0.001654   0.04096        62       640     0.978    0.9977    0.9942     0.779   0.01551   0.01263  0.001675
   293/299     2.95G   0.01739   0.02138  0.001536    0.0403        45       640    0.9781    0.9977    0.9954    0.7927   0.01542   0.01271  0.001664
   294/299     2.95G   0.01752   0.02141  0.001829   0.04076        56       640    0.9785     0.998    0.9954    0.7888   0.01527   0.01268  0.001652
   295/299     2.95G   0.01729    0.0208  0.001673   0.03976        54       640    0.9741    0.9995    0.9942    0.7858   0.01542   0.01279  0.001645
   296/299     2.95G   0.01809   0.01923  0.001627   0.03895        46       640     0.974    0.9999    0.9929     0.791   0.01532   0.01269  0.001638
   297/299     2.95G   0.01791   0.02085  0.001553   0.04031        34       640     0.975    0.9999    0.9929    0.7869   0.01586   0.01275  0.001632
   298/299     2.95G   0.01875   0.02146  0.001522   0.04174        60       640    0.9793    0.9999    0.9954    0.7938   0.01558   0.01276  0.001629
   299/299     2.95G   0.01889   0.02034  0.001878   0.04111        53       640    0.9796    0.9991    0.9954    0.7866   0.01536   0.01276   0.00164
