6 0.04206161137440759 0.45783132530120485 0.04620853080568721 0.6987951807228916
2 0.09419431279620853 0.47590361445783136 0.04620853080568721 0.8072289156626506
2 0.1457345971563981 0.46385542168674704 0.047393364928909956 0.8313253012048193
8 0.1966824644549763 0.43975903614457834 0.047393364928909956 0.7349397590361446
3 0.29857819905213273 0.46385542168674704 0.04265402843601896 0.7349397590361446
7 0.35189573459715645 0.47590361445783136 0.04028436018957346 0.783132530120482
8 0.39988151658767773 0.4819277108433735 0.04383886255924171 0.7710843373493976
8 0.4543838862559242 0.4879518072289157 0.04383886255924171 0.6867469879518072
8 0.5509478672985783 0.46987951807228917 0.04265402843601896 0.7228915662650602
8 0.6036729857819906 0.47590361445783136 0.04146919431279621 0.7590361445783133
8 0.6528436018957346 0.49397590361445787 0.04028436018957346 0.7710843373493976
8 0.705568720379147 0.5 0.04620853080568721 0.710843373493976
8 0.8080568720379148 0.4819277108433735 0.047393364928909956 0.746987951807229
8 0.8613744075829385 0.45783132530120485 0.04265402843601896 0.7951807228915663
8 0.9105450236966826 0.4819277108433735 0.03909952606635071 0.7710843373493976
8 0.9609004739336494 0.4879518072289157 0.05213270142180095 0.7349397590361446
