3 0.026156941649899398 0.5638297872340425 0.048289738430583505 0.7872340425531915
5 0.08048289738430583 0.5212765957446809 0.044265593561368215 0.7446808510638298
6 0.12877263581488935 0.5106382978723404 0.044265593561368215 0.6808510638297872
8 0.18511066398390344 0.5319148936170213 0.048289738430583505 0.7659574468085106
9 0.2847082494969819 0.5106382978723404 0.05835010060362174 0.7659574468085106
9 0.3440643863179075 0.5 0.044265593561368215 0.7446808510638298
0 0.39537223340040245 0.48936170212765956 0.04225352112676057 0.6808510638297872
0 0.44466800804828976 0.4787234042553191 0.044265593561368215 0.6595744680851063
0 0.5482897384305836 0.46808510638297873 0.04225352112676057 0.7659574468085106
0 0.6006036217303824 0.46808510638297873 0.04627766599597586 0.6808510638297872
0 0.6549295774647887 0.4574468085106383 0.04225352112676057 0.7446808510638298
0 0.7072434607645876 0.425531914893617 0.04225352112676057 0.7234042553191489
5 0.8098591549295775 0.4574468085106383 0.05432595573440644 0.7021276595744681
0 0.8631790744466802 0.44680851063829785 0.048289738430583505 0.7234042553191489
0 0.9215291750503019 0.44680851063829785 0.048289738430583505 0.7234042553191489
0 0.9698189134808854 0.44680851063829785 0.044265593561368215 0.7234042553191489
