8 0.03463203463203463 0.5076923076923077 0.046176046176046176 0.8
8 0.08802308802308802 0.5153846153846154 0.04329004329004329 0.7230769230769232
8 0.1349206349206349 0.5076923076923077 0.03896103896103896 0.7692307692307693
8 0.19047619047619047 0.46923076923076923 0.046176046176046176 0.7846153846153847
8 0.29292929292929293 0.46153846153846156 0.0404040404040404 0.7692307692307693
8 0.3427128427128427 0.5 0.04184704184704185 0.7846153846153847
8 0.39321789321789324 0.5076923076923077 0.04184704184704185 0.8307692307692308
8 0.4466089466089466 0.43846153846153846 0.050505050505050504 0.8461538461538463
8 0.549062049062049 0.48461538461538467 0.04184704184704185 0.8153846153846154
8 0.5981240981240982 0.48461538461538467 0.044733044733044736 0.7230769230769232
0 0.6507936507936508 0.42307692307692313 0.046176046176046176 0.8153846153846154
3 0.7027417027417028 0.43846153846153846 0.05483405483405483 0.7846153846153847
9 0.8023088023088023 0.4307692307692308 0.05194805194805195 0.8
9 0.8528138528138528 0.43846153846153846 0.049062049062049064 0.7230769230769232
3 0.9040404040404041 0.4153846153846154 0.04184704184704185 0.7384615384615385
8 0.9559884559884559 0.4 0.044733044733044736 0.7384615384615385
