6 0.03360488798370672 0.4573643410852713 0.04073319755600814 0.5426356589147286
0 0.08401221995926679 0.41860465116279066 0.04378818737270875 0.5271317829457365
1 0.13187372708757636 0.43023255813953487 0.045824847250509164 0.5658914728682171
4 0.18737270875763745 0.43410852713178294 0.05091649694501018 0.5736434108527132
2 0.2871690427698574 0.43410852713178294 0.05091649694501018 0.5736434108527132
7 0.3436863543788187 0.437984496124031 0.04378818737270875 0.5658914728682171
6 0.39052953156822806 0.4496124031007752 0.03971486761710794 0.5426356589147286
0 0.44195519348268836 0.4263565891472868 0.04684317718940936 0.5581395348837209
3 0.5412423625254582 0.44573643410852715 0.045824847250509164 0.5658914728682171
2 0.5947046843177188 0.46124031007751937 0.04276985743380855 0.5503875968992248
3 0.6466395112016292 0.4496124031007752 0.048879837067209775 0.5736434108527132
1 0.6970468431771893 0.437984496124031 0.045824847250509164 0.5658914728682171
7 0.8019348268839103 0.437984496124031 0.049898167006109974 0.5968992248062015
9 0.8538696537678206 0.4689922480620155 0.04786150712830957 0.6124031007751938
9 0.9073319755600814 0.46124031007751937 0.04276985743380855 0.627906976744186
9 0.9557026476578411 0.43023255813953487 0.04378818737270875 0.5813953488372093
