5 0.04672897196261682 0.449438202247191 0.04205607476635514 0.7191011235955056
2 0.09929906542056074 0.47752808988764045 0.04672897196261682 0.7078651685393258
0 0.14953271028037382 0.5 0.0397196261682243 0.7303370786516854
0 0.1985981308411215 0.4831460674157303 0.04906542056074766 0.7640449438202247
8 0.2961448598130841 0.5 0.04789719626168224 0.7752808988764045
3 0.3492990654205607 0.5 0.04672897196261682 0.7752808988764045
8 0.4012850467289719 0.46629213483146065 0.04322429906542056 0.7752808988764045
8 0.45210280373831774 0.4943820224719101 0.04906542056074766 0.8089887640449438
8 0.5455607476635513 0.4887640449438202 0.05607476635514018 0.7752808988764045
8 0.5992990654205607 0.47752808988764045 0.04439252336448598 0.7752808988764045
8 0.648948598130841 0.47752808988764045 0.04789719626168224 0.7528089887640449
8 0.701518691588785 0.5168539325842696 0.0455607476635514 0.7415730337078652
8 0.7967289719626167 0.4831460674157303 0.0514018691588785 0.8539325842696629
8 0.8492990654205607 0.4887640449438202 0.04672897196261682 0.7752808988764045
8 0.8995327102803737 0.5112359550561798 0.04672897196261682 0.797752808988764
8 0.951518691588785 0.4831460674157303 0.0455607476635514 0.7191011235955056
