5 0.04497663551401869 0.46629213483146065 0.0455607476635514 0.7078651685393258
2 0.10163551401869159 0.47191011235955055 0.0397196261682243 0.7640449438202247
0 0.15128504672897194 0.4831460674157303 0.04088785046728972 0.696629213483146
0 0.1985981308411215 0.47191011235955055 0.037383177570093455 0.651685393258427
8 0.2955607476635514 0.46629213483146065 0.0397196261682243 0.6853932584269663
3 0.3481308411214953 0.4831460674157303 0.04205607476635514 0.696629213483146
8 0.40245327102803735 0.46629213483146065 0.04322429906542056 0.7303370786516854
8 0.45210280373831774 0.46629213483146065 0.04906542056074766 0.6853932584269663
8 0.5478971962616822 0.4831460674157303 0.04439252336448598 0.696629213483146
8 0.6016355140186915 0.4831460674157303 0.0397196261682243 0.696629213483146
8 0.6501168224299065 0.5168539325842696 0.04322429906542056 0.6292134831460674
8 0.7021028037383177 0.47752808988764045 0.04439252336448598 0.6853932584269663
8 0.7955607476635513 0.4438202247191011 0.04672897196261682 0.7528089887640449
8 0.8504672897196262 0.4887640449438202 0.037383177570093455 0.6629213483146067
8 0.8983644859813084 0.5056179775280899 0.04439252336448598 0.7415730337078652
8 0.951518691588785 0.4887640449438202 0.0455607476635514 0.6853932584269663
