6 0.04715127701375245 0.5288461538461539 0.043222003929273084 0.6730769230769231
2 0.09724950884086443 0.5 0.045186640471512766 0.7307692307692308
2 0.15127701375245578 0.4711538461538462 0.043222003929273084 0.75
2 0.19842829076620824 0.5 0.043222003929273084 0.7307692307692308
3 0.30157170923379173 0.5096153846153847 0.041257367387033395 0.6730769230769231
5 0.349705304518664 0.5192307692307693 0.04715127701375245 0.6923076923076923
0 0.3978388998035363 0.5480769230769231 0.041257367387033395 0.75
0 0.44695481335952847 0.5673076923076923 0.04911591355599214 0.7884615384615385
3 0.5471512770137524 0.5384615384615385 0.045186640471512766 0.6923076923076923
8 0.5952848722986247 0.5192307692307693 0.043222003929273084 0.7692307692307693
3 0.6473477406679764 0.5480769230769231 0.04911591355599214 0.7884615384615385
8 0.6954813359528487 0.5673076923076923 0.03929273084479371 0.6730769230769231
3 0.7976424361493123 0.5865384615384616 0.04715127701375245 0.7115384615384616
3 0.8467583497053045 0.5961538461538461 0.03929273084479371 0.6923076923076923
3 0.8968565815324164 0.5576923076923077 0.045186640471512766 0.7307692307692308
3 0.949901768172888 0.5480769230769231 0.04911591355599214 0.7115384615384616
