6 0.04260355029585799 0.4117647058823529 0.040236686390532544 0.5686274509803921
2 0.09171597633136094 0.4117647058823529 0.036686390532544376 0.5490196078431373
2 0.13846153846153847 0.4166666666666667 0.040236686390532544 0.5588235294117647
8 0.1863905325443787 0.43137254901960786 0.039053254437869826 0.5490196078431373
4 0.22840236686390533 0.39215686274509803 0.0378698224852071 0.5686274509803921
3 0.27633136094674554 0.43137254901960786 0.04142011834319527 0.5294117647058824
0 0.36923076923076925 0.46078431372549017 0.0378698224852071 0.5294117647058824
3 0.414792899408284 0.46568627450980393 0.036686390532544376 0.5
3 0.46331360946745564 0.49019607843137253 0.04142011834319527 0.5686274509803921
9 0.51301775147929 0.5049019607843137 0.039053254437869826 0.5784313725490196
4 0.5609467455621302 0.5049019607843137 0.04260355029585799 0.5392156862745098
7 0.606508875739645 0.4950980392156863 0.04378698224852071 0.5980392156862745
4 0.6544378698224852 0.5441176470588235 0.0378698224852071 0.5980392156862745
6 0.7023668639053254 0.5588235294117647 0.04142011834319527 0.5490196078431373
4 0.7514792899408285 0.5245098039215687 0.040236686390532544 0.5784313725490196
5 0.8005917159763314 0.5441176470588235 0.046153846153846156 0.5392156862745098
4 0.8508875739644971 0.5735294117647058 0.04260355029585799 0.5588235294117647
7 0.9011834319526627 0.553921568627451 0.04142011834319527 0.6372549019607843
3 0.9526627218934911 0.5784313725490196 0.04260355029585799 0.6274509803921569
