5 0.03546592489568846 0.49295774647887325 0.05146036161335187 0.7887323943661972
3 0.08623087621696801 0.5070422535211268 0.04450625869262865 0.7605633802816901
0 0.13630041724617523 0.4647887323943662 0.03894297635605007 0.7887323943661972
9 0.19123783031988872 0.5140845070422535 0.043115438108484005 0.8028169014084507
8 0.2865090403337969 0.5070422535211268 0.04728789986091794 0.7323943661971831
2 0.3379694019471488 0.5070422535211268 0.041724617524339355 0.7605633802816901
5 0.3894297635605007 0.47887323943661975 0.04450625869262865 0.8169014084507042
1 0.43949930458970793 0.44366197183098594 0.05006954102920723 0.7746478873239436
7 0.5438108484005563 0.47887323943661975 0.04450625869262865 0.8169014084507042
1 0.5938803894297635 0.471830985915493 0.041724617524339355 0.7746478873239436
0 0.6411682892906815 0.471830985915493 0.04728789986091794 0.7746478873239436
3 0.6968011126564673 0.45774647887323944 0.04450625869262865 0.7746478873239436
1 0.7969401947148818 0.471830985915493 0.04450625869262865 0.7464788732394366
2 0.847009735744089 0.5 0.041724617524339355 0.7464788732394366
8 0.8963838664812239 0.5 0.043115438108484005 0.7183098591549296
6 0.9485396383866481 0.5070422535211268 0.04450625869262865 0.7323943661971831
