6 0.04146919431279621 0.45180722891566266 0.04502369668246446 0.710843373493976
2 0.09537914691943129 0.46987951807228917 0.04620853080568721 0.746987951807229
2 0.1481042654028436 0.46385542168674704 0.047393364928909956 0.783132530120482
8 0.19845971563981044 0.46987951807228917 0.04620853080568721 0.7710843373493976
3 0.29739336492891 0.45783132530120485 0.047393364928909956 0.7951807228915663
7 0.3524881516587678 0.46385542168674704 0.04383886255924171 0.8313253012048193
8 0.39988151658767773 0.41566265060240964 0.03909952606635071 0.8072289156626506
8 0.44845971563981046 0.44578313253012053 0.04383886255924171 0.7951807228915663
8 0.5485781990521328 0.45180722891566266 0.04502369668246446 0.7590361445783133
8 0.6048578199052134 0.46987951807228917 0.04620853080568721 0.7951807228915663
8 0.6569905213270143 0.45783132530120485 0.04146919431279621 0.7228915662650602
8 0.7049763033175356 0.46385542168674704 0.047393364928909956 0.783132530120482
8 0.8086492890995262 0.4819277108433735 0.04620853080568721 0.7710843373493976
8 0.8566350710900474 0.47590361445783136 0.04502369668246446 0.7349397590361446
8 0.9099526066350712 0.46385542168674704 0.04265402843601896 0.710843373493976
8 0.9638625592417063 0.4879518072289157 0.04383886255924171 0.783132530120482
