6 0.04564564564564565 0.47305389221556887 0.05765765765765765 0.8502994011976048
2 0.1075075075075075 0.5389221556886228 0.05405405405405405 0.7305389221556887
2 0.16486486486486485 0.5179640718562875 0.051051051051051045 0.8682634730538923
8 0.2183183183183183 0.4880239520958084 0.049849849849849845 0.7245508982035929
3 0.3249249249249249 0.5389221556886228 0.05405405405405405 0.7784431137724551
7 0.37987987987987987 0.5329341317365269 0.04624624624624624 0.7425149700598803
8 0.4285285285285285 0.5 0.04384384384384384 0.7964071856287426
8 0.47717717717717717 0.5119760479041916 0.05345345345345345 0.7724550898203594
8 0.5759759759759759 0.5119760479041916 0.05045045045045045 0.6526946107784432
8 0.6264264264264264 0.5 0.04084084084084084 0.7245508982035929
8 0.675075075075075 0.5119760479041916 0.04324324324324324 0.7005988023952097
8 0.727027027027027 0.4940119760479042 0.047447447447447444 0.6646706586826348
8 0.8153153153153153 0.4940119760479042 0.051051051051051045 0.7604790419161677
8 0.8672672672672672 0.4760479041916168 0.04204204204204204 0.7485029940119761
8 0.9129129129129129 0.4940119760479042 0.04084084084084084 0.7365269461077845
8 0.9600600600600601 0.4640718562874252 0.04624624624624624 0.7245508982035929
