6 0.024520255863539446 0.46739130434782605 0.04477611940298507 0.8913043478260869
2 0.07569296375266524 0.45652173913043476 0.04477611940298507 0.8695652173913043
2 0.13219616204690832 0.4782608695652174 0.046908315565031986 0.8695652173913043
5 0.18763326226012794 0.4782608695652174 0.0511727078891258 0.8695652173913043
8 0.2889125799573561 0.45652173913043476 0.04904051172707889 0.6956521739130435
1 0.34008528784648184 0.5 0.04477611940298507 0.7391304347826086
8 0.39339019189765456 0.5217391304347826 0.04477611940298507 0.7391304347826086
8 0.4466950959488273 0.4782608695652174 0.04904051172707889 0.6956521739130435
8 0.5437100213219616 0.5434782608695652 0.05543710021321961 0.7826086956521738
8 0.5980810234541578 0.5 0.04904051172707889 0.7826086956521738
8 0.650319829424307 0.5108695652173912 0.046908315565031986 0.8043478260869565
8 0.7004264392324093 0.532608695652174 0.053304904051172705 0.8043478260869565
8 0.7995735607675906 0.532608695652174 0.05970149253731343 0.7608695652173912
8 0.8560767590618337 0.532608695652174 0.04477611940298507 0.7608695652173912
8 0.906183368869936 0.5108695652173912 0.046908315565031986 0.7608695652173912
8 0.9594882729211087 0.5543478260869565 0.046908315565031986 0.7608695652173912
