6 0.034046692607003895 0.5104166666666666 0.048638132295719845 0.8125
2 0.09143968871595332 0.5 0.04669260700389105 0.7916666666666666
5 0.14105058365758755 0.4583333333333333 0.04085603112840467 0.7916666666666666
9 0.19552529182879377 0.4375 0.048638132295719845 0.75
6 0.29474708171206226 0.5104166666666666 0.05252918287937743 0.8541666666666666
5 0.34824902723735407 0.4895833333333333 0.04669260700389105 0.8541666666666666
0 0.39980544747081714 0.4895833333333333 0.048638132295719845 0.7291666666666666
8 0.45233463035019456 0.47916666666666663 0.04474708171206226 0.75
7 0.5535019455252919 0.46875 0.048638132295719845 0.8125
1 0.6079766536964981 0.41666666666666663 0.04085603112840467 0.7916666666666666
7 0.6624513618677043 0.4375 0.048638132295719845 0.7916666666666666
7 0.7140077821011673 0.44791666666666663 0.04669260700389105 0.7291666666666666
2 0.8122568093385214 0.4895833333333333 0.05252918287937743 0.7291666666666666
0 0.8638132295719845 0.4583333333333333 0.04669260700389105 0.7083333333333333
9 0.914396887159533 0.47916666666666663 0.05058365758754864 0.7916666666666666
8 0.9659533073929961 0.4583333333333333 0.04474708171206226 0.7083333333333333
