8 0.03318903318903319 0.47692307692307695 0.046176046176046176 0.8307692307692308
8 0.08441558441558442 0.5 0.044733044733044736 0.8153846153846154
8 0.13636363636363635 0.49230769230769234 0.044733044733044736 0.8615384615384616
8 0.1919191919191919 0.4461538461538462 0.049062049062049064 0.8307692307692308
8 0.2886002886002886 0.46923076923076923 0.049062049062049064 0.8769230769230769
8 0.3398268398268398 0.5 0.044733044733044736 0.7846153846153847
8 0.39466089466089466 0.5 0.03896103896103896 0.8153846153846154
8 0.44805194805194803 0.49230769230769234 0.050505050505050504 0.8307692307692308
8 0.5418470418470418 0.43846153846153846 0.050505050505050504 0.7846153846153847
8 0.5966810966810967 0.42307692307692313 0.044733044733044736 0.7846153846153847
0 0.65007215007215 0.48461538461538467 0.047619047619047616 0.8769230769230769
3 0.7005772005772006 0.43846153846153846 0.03896103896103896 0.7846153846153847
9 0.803030303030303 0.4538461538461539 0.050505050505050504 0.8153846153846154
9 0.8556998556998557 0.42307692307692313 0.046176046176046176 0.7538461538461538
3 0.9025974025974026 0.4 0.047619047619047616 0.7692307692307693
8 0.9531024531024531 0.4 0.044733044733044736 0.7692307692307693
