6 0.04523227383863081 0.5568181818181819 0.04645476772616137 0.75
2 0.0941320293398533 0.5227272727272727 0.04156479217603912 0.7272727272727273
2 0.14792176039119803 0.5227272727272727 0.05623471882640587 0.7272727272727273
1 0.20293398533007334 0.5113636363636364 0.0488997555012225 0.75
6 0.29584352078239606 0.5113636363636364 0.0488997555012225 0.8409090909090909
6 0.34963325183374083 0.5 0.044009779951100246 0.8181818181818182
8 0.39853300733496333 0.4431818181818182 0.044009779951100246 0.75
8 0.45232273838630804 0.4545454545454546 0.044009779951100246 0.8181818181818182
8 0.5464547677261614 0.5 0.05134474327628362 0.7272727272727273
8 0.5990220048899756 0.5340909090909091 0.039119804400977995 0.7045454545454546
8 0.6564792176039119 0.5 0.04156479217603912 0.7272727272727273
8 0.7078239608801956 0.4772727272727273 0.04156479217603912 0.7272727272727273
8 0.7982885085574573 0.5 0.04156479217603912 0.7727272727272727
8 0.8508557457212714 0.48863636363636365 0.044009779951100246 0.75
8 0.9034229828850856 0.5227272727272727 0.04645476772616137 0.7272727272727273
8 0.9572127139364303 0.5227272727272727 0.04156479217603912 0.7272727272727273
