8 0.03535353535353535 0.5307692307692308 0.044733044733044736 0.9076923076923078
8 0.09090909090909091 0.5153846153846154 0.04329004329004329 0.8461538461538463
8 0.1370851370851371 0.5 0.046176046176046176 0.8153846153846154
8 0.18903318903318903 0.46153846153846156 0.049062049062049064 0.8
8 0.2907647907647908 0.5076923076923077 0.04184704184704185 0.8307692307692308
8 0.34415584415584416 0.47692307692307695 0.044733044733044736 0.8
8 0.3917748917748918 0.49230769230769234 0.047619047619047616 0.7692307692307693
8 0.4444444444444444 0.46153846153846156 0.05194805194805195 0.7692307692307693
8 0.5483405483405484 0.48461538461538467 0.04329004329004329 0.8153846153846154
8 0.5974025974025974 0.46153846153846156 0.04329004329004329 0.7692307692307693
0 0.6464646464646464 0.47692307692307695 0.04329004329004329 0.7692307692307693
3 0.7005772005772006 0.46153846153846156 0.05627705627705628 0.7692307692307693
9 0.8008658008658008 0.4538461538461539 0.046176046176046176 0.7846153846153847
9 0.8520923520923521 0.46153846153846156 0.044733044733044736 0.8615384615384616
3 0.9033189033189033 0.42307692307692313 0.04329004329004329 0.7538461538461538
8 0.9552669552669553 0.4153846153846154 0.049062049062049064 0.7384615384615385
