5 0.04906542056074766 0.4438202247191011 0.04439252336448598 0.7078651685393258
2 0.09988317757009345 0.5056179775280899 0.0455607476635514 0.7191011235955056
0 0.14953271028037382 0.4831460674157303 0.04205607476635514 0.6292134831460674
0 0.19918224299065418 0.5 0.04322429906542056 0.6629213483146067
8 0.29497663551401865 0.47752808988764045 0.04322429906542056 0.6629213483146067
3 0.348714953271028 0.4887640449438202 0.05023364485981308 0.7303370786516854
8 0.39778037383177567 0.4943820224719101 0.038551401869158876 0.7415730337078652
8 0.44976635514018687 0.4887640449438202 0.04439252336448598 0.7078651685393258
8 0.5490654205607476 0.46629213483146065 0.037383177570093455 0.7078651685393258
8 0.5998831775700935 0.4831460674157303 0.04322429906542056 0.7191011235955056
8 0.6512850467289719 0.47752808988764045 0.04088785046728972 0.7078651685393258
8 0.701518691588785 0.4943820224719101 0.038551401869158876 0.6741573033707865
8 0.7990654205607476 0.47752808988764045 0.04439252336448598 0.7528089887640449
8 0.8504672897196262 0.4887640449438202 0.0397196261682243 0.7078651685393258
8 0.9036214953271028 0.5112359550561798 0.04088785046728972 0.797752808988764
8 0.9521028037383177 0.5056179775280899 0.04439252336448598 0.7415730337078652
