3 0.02917505030181087 0.5319148936170213 0.04225352112676057 0.8085106382978723
5 0.08148893360160966 0.5425531914893617 0.04627766599597586 0.7872340425531915
6 0.1317907444668008 0.5425531914893617 0.04225352112676057 0.7021276595744681
8 0.18611670020120727 0.5212765957446809 0.05432595573440644 0.7021276595744681
9 0.29074446680080485 0.5319148936170213 0.05030181086519115 0.7659574468085106
9 0.3440643863179075 0.4787234042553191 0.048289738430583505 0.6170212765957447
0 0.3943661971830986 0.48936170212765956 0.044265593561368215 0.7234042553191489
0 0.4466800804828974 0.46808510638297873 0.048289738430583505 0.7659574468085106
0 0.5492957746478874 0.4787234042553191 0.044265593561368215 0.7446808510638298
0 0.6016096579476862 0.4787234042553191 0.048289738430583505 0.7021276595744681
0 0.6559356136820926 0.44680851063829785 0.044265593561368215 0.7234042553191489
0 0.7112676056338029 0.46808510638297873 0.04627766599597586 0.7659574468085106
5 0.8118712273641852 0.4361702127659574 0.05030181086519115 0.7021276595744681
0 0.8672032193158954 0.44680851063829785 0.048289738430583505 0.7234042553191489
0 0.9205231388329981 0.4574468085106383 0.05030181086519115 0.6595744680851063
0 0.9698189134808854 0.4574468085106383 0.044265593561368215 0.7446808510638298
