6 0.04437869822485207 0.446078431372549 0.039053254437869826 0.5392156862745098
2 0.09349112426035502 0.43137254901960786 0.03550295857988166 0.5686274509803921
2 0.1390532544378698 0.4362745098039216 0.039053254437869826 0.5980392156862745
8 0.18284023668639054 0.43137254901960786 0.036686390532544376 0.5490196078431373
4 0.23076923076923078 0.4264705882352941 0.040236686390532544 0.5588235294117647
3 0.278698224852071 0.4215686274509804 0.04142011834319527 0.5882352941176471
0 0.3680473372781065 0.46078431372549017 0.04260355029585799 0.5490196078431373
3 0.4153846153846154 0.49019607843137253 0.0378698224852071 0.5294117647058824
3 0.4650887573964497 0.46568627450980393 0.04260355029585799 0.5392156862745098
9 0.5100591715976331 0.5049019607843137 0.0378698224852071 0.5588235294117647
4 0.557396449704142 0.49019607843137253 0.040236686390532544 0.5882352941176471
7 0.6053254437869823 0.5098039215686274 0.04142011834319527 0.5686274509803921
4 0.6520710059171597 0.5392156862745098 0.0378698224852071 0.5882352941176471
6 0.6976331360946746 0.5294117647058824 0.04142011834319527 0.5686274509803921
4 0.7497041420118343 0.5637254901960784 0.046153846153846156 0.5784313725490196
5 0.8029585798816569 0.5637254901960784 0.04142011834319527 0.5980392156862745
4 0.8526627218934911 0.5882352941176471 0.046153846153846156 0.5686274509803921
7 0.908284023668639 0.5784313725490196 0.046153846153846156 0.6274509803921569
3 0.9556213017751479 0.6029411764705882 0.04142011834319527 0.5980392156862745
