6 0.04392523364485981 0.5234375 0.05046728971962617 0.609375
2 0.10093457943925234 0.484375 0.04485981308411215 0.65625
2 0.15327102803738318 0.4921875 0.04485981308411215 0.734375
5 0.205607476635514 0.4765625 0.052336448598130844 0.765625
7 0.3037383177570094 0.53125 0.04299065420560748 0.65625
5 0.3551401869158879 0.484375 0.048598130841121495 0.71875
8 0.4046728971962617 0.484375 0.03925233644859813 0.75
8 0.45514018691588787 0.484375 0.05046728971962617 0.625
8 0.5495327102803739 0.515625 0.04485981308411215 0.53125
8 0.6018691588785047 0.5234375 0.04485981308411215 0.578125
8 0.6495327102803738 0.5390625 0.04299065420560748 0.546875
8 0.7009345794392524 0.578125 0.04485981308411215 0.625
8 0.7897196261682243 0.5625 0.05420560747663552 0.625
8 0.8467289719626169 0.578125 0.04485981308411215 0.65625
8 0.8934579439252337 0.5625 0.04485981308411215 0.65625
8 0.9439252336448598 0.578125 0.052336448598130844 0.65625
