4 0.027901785714285712 0.4625 0.05133928571428571 0.875
5 0.07924107142857142 0.42500000000000004 0.046875 0.8
8 0.13058035714285712 0.47500000000000003 0.04241071428571428 0.9
1 0.18080357142857142 0.45 0.049107142857142856 0.8500000000000001
2 0.28794642857142855 0.48750000000000004 0.05357142857142857 0.925
4 0.34263392857142855 0.4625 0.05133928571428571 0.875
0 0.3917410714285714 0.48750000000000004 0.04241071428571428 0.775
0 0.4453125 0.4625 0.04241071428571428 0.775
8 0.5435267857142857 0.4375 0.04241071428571428 0.8250000000000001
8 0.5959821428571428 0.4375 0.04464285714285714 0.775
8 0.6506696428571428 0.4375 0.03794642857142857 0.775
8 0.7020089285714285 0.45 0.05133928571428571 0.8
8 0.8136160714285714 0.42500000000000004 0.04241071428571428 0.75
8 0.8604910714285714 0.4375 0.03794642857142857 0.775
8 0.9118303571428571 0.41250000000000003 0.046875 0.7250000000000001
8 0.9665178571428571 0.45 0.040178571428571425 0.75
