6 0.04112038140643623 0.49367088607594933 0.04410011918951132 0.7848101265822784
2 0.09058402860548272 0.47468354430379744 0.04767580452920143 0.7974683544303798
8 0.1394517282479142 0.47468354430379744 0.04052443384982121 0.7721518987341772
2 0.19129916567342073 0.4873417721518987 0.05125148986889153 0.7215189873417721
8 0.2932061978545888 0.4873417721518987 0.04290822407628128 0.7974683544303798
8 0.3420738974970202 0.43670886075949367 0.04290822407628128 0.7468354430379747
8 0.39928486293206195 0.45569620253164556 0.04290822407628128 0.7848101265822784
8 0.4475566150178784 0.43037974683544306 0.04410011918951132 0.7341772151898734
8 0.5494636471990465 0.4810126582278481 0.04290822407628128 0.7341772151898734
8 0.5989272943980929 0.47468354430379744 0.04171632896305125 0.7974683544303798
8 0.6466030989272944 0.4620253164556962 0.04648390941597139 0.7974683544303798
8 0.7020262216924911 0.45569620253164556 0.04767580452920143 0.7594936708860759
8 0.801549463647199 0.5063291139240507 0.04410011918951132 0.7341772151898734
8 0.8545887961859356 0.4810126582278481 0.04529201430274136 0.7341772151898734
8 0.9034564958283671 0.5 0.04767580452920143 0.7974683544303798
8 0.9570917759237186 0.5 0.04767580452920143 0.7721518987341772
