6 0.04156479217603912 0.5340909090909091 0.0488997555012225 0.7045454545454546
2 0.09290953545232274 0.5340909090909091 0.0488997555012225 0.75
2 0.14792176039119803 0.5113636363636364 0.05134474327628362 0.7954545454545455
1 0.20048899755501223 0.5 0.044009779951100246 0.8181818181818182
6 0.2921760391198044 0.5340909090909091 0.05134474327628362 0.7045454545454546
6 0.3484107579462103 0.5340909090909091 0.04645476772616137 0.75
8 0.39975550122249387 0.5 0.04156479217603912 0.7727272727272727
8 0.44987775061124696 0.48863636363636365 0.05378973105134474 0.75
8 0.5488997555012225 0.5113636363636364 0.04645476772616137 0.7045454545454546
8 0.597799511002445 0.5113636363636364 0.04156479217603912 0.7045454545454546
8 0.6515892420537898 0.5227272727272727 0.04645476772616137 0.7727272727272727
8 0.706601466992665 0.5113636363636364 0.05378973105134474 0.75
8 0.7982885085574573 0.5 0.04156479217603912 0.7272727272727273
8 0.8471882640586798 0.5227272727272727 0.04645476772616137 0.6818181818181819
8 0.9009779951100244 0.5113636363636364 0.03667481662591687 0.75
8 0.9523227383863081 0.5 0.04645476772616137 0.7272727272727273
