6 0.04616895874263261 0.5096153846153847 0.041257367387033395 0.7115384615384616
2 0.09921414538310412 0.4903846153846154 0.045186640471512766 0.7115384615384616
2 0.1473477406679764 0.5 0.03929273084479371 0.7307692307692308
2 0.19548133595284872 0.5288461538461539 0.045186640471512766 0.7115384615384616
3 0.3005893909626719 0.5384615384615385 0.03929273084479371 0.6538461538461539
5 0.34872298624754416 0.5192307692307693 0.045186640471512766 0.7692307692307693
0 0.39489194499017677 0.5480769230769231 0.03929273084479371 0.75
0 0.4440078585461689 0.5384615384615385 0.05108055009823182 0.7692307692307693
3 0.5442043222003929 0.576923076923077 0.043222003929273084 0.7692307692307693
8 0.593320235756385 0.5288461538461539 0.043222003929273084 0.6730769230769231
3 0.6444007858546168 0.576923076923077 0.03929273084479371 0.6923076923076923
8 0.6954813359528487 0.5480769230769231 0.043222003929273084 0.7115384615384616
3 0.8005893909626719 0.5480769230769231 0.045186640471512766 0.6730769230769231
3 0.8506876227897838 0.5384615384615385 0.04715127701375245 0.6923076923076923
3 0.8968565815324164 0.5384615384615385 0.041257367387033395 0.7307692307692308
3 0.9489194499017681 0.5865384615384616 0.04715127701375245 0.7115384615384616
