6 0.018604651162790697 0.4880952380952381 0.03255813953488372 0.8333333333333333
2 0.06744186046511627 0.5 0.046511627906976744 0.7619047619047619
2 0.12209302325581395 0.4880952380952381 0.044186046511627906 0.738095238095238
5 0.18023255813953487 0.47619047619047616 0.04883720930232558 0.7142857142857142
8 0.2837209302325581 0.45238095238095233 0.046511627906976744 0.8095238095238095
1 0.34186046511627904 0.45238095238095233 0.04186046511627907 0.8095238095238095
8 0.39069767441860465 0.44047619047619047 0.04186046511627907 0.738095238095238
8 0.4476744186046512 0.42857142857142855 0.04883720930232558 0.7619047619047619
8 0.5523255813953488 0.46428571428571425 0.03953488372093023 0.738095238095238
8 0.6058139534883721 0.44047619047619047 0.03953488372093023 0.738095238095238
8 0.6604651162790698 0.44047619047619047 0.04186046511627907 0.738095238095238
8 0.713953488372093 0.47619047619047616 0.046511627906976744 0.7619047619047619
8 0.8162790697674418 0.45238095238095233 0.037209302325581395 0.6666666666666666
8 0.8744186046511628 0.42857142857142855 0.046511627906976744 0.7619047619047619
8 0.9255813953488372 0.42857142857142855 0.04186046511627907 0.7142857142857142
8 0.9767441860465116 0.42857142857142855 0.04186046511627907 0.8095238095238095
