6 0.048948948948948946 0.5329341317365269 0.048648648648648644 0.6946107784431138
2 0.1105105105105105 0.5239520958083833 0.05165165165165165 0.7365269461077845
2 0.16636636636636637 0.5538922155688623 0.04564564564564565 0.8203592814371258
8 0.215015015015015 0.5059880239520959 0.04324324324324324 0.7245508982035929
3 0.3249249249249249 0.5119760479041916 0.05045045045045045 0.7365269461077845
7 0.37717717717717714 0.502994011976048 0.04924924924924925 0.6946107784431138
8 0.4282282282282282 0.5119760479041916 0.03963963963963964 0.7125748502994013
8 0.4804804804804805 0.5059880239520959 0.04924924924924925 0.7245508982035929
8 0.5762762762762762 0.5389221556886228 0.049849849849849845 0.7065868263473054
8 0.6264264264264264 0.5179640718562875 0.04204204204204204 0.6646706586826348
8 0.6759759759759759 0.4910179640718563 0.04024024024024024 0.5868263473053893
8 0.7249249249249249 0.5059880239520959 0.04084084084084084 0.6407185628742516
8 0.8159159159159158 0.4820359281437126 0.04024024024024024 0.62874251497006
8 0.8666666666666666 0.4910179640718563 0.04204204204204204 0.7544910179640719
8 0.9147147147147147 0.470059880239521 0.04324324324324324 0.6526946107784432
8 0.9636636636636636 0.4760479041916168 0.03783783783783783 0.5808383233532934
