6 0.035160905840286055 0.46835443037974683 0.04648390941597139 0.810126582278481
2 0.08939213349225268 0.4620253164556962 0.04529201430274136 0.7721518987341772
8 0.13825983313468415 0.46835443037974683 0.0500595947556615 0.7341772151898734
2 0.19427890345649582 0.4620253164556962 0.05959475566150178 0.7468354430379747
8 0.29201430274135876 0.4873417721518987 0.04290822407628128 0.7468354430379747
8 0.3438617401668653 0.44936708860759494 0.04171632896305125 0.7721518987341772
8 0.3951132300357568 0.49367088607594933 0.04171632896305125 0.7341772151898734
8 0.44517282479141834 0.4620253164556962 0.04171632896305125 0.7468354430379747
8 0.5488676996424314 0.44936708860759494 0.04410011918951132 0.7468354430379747
8 0.599523241954708 0.44936708860759494 0.04290822407628128 0.7721518987341772
8 0.6483909415971394 0.4620253164556962 0.04290822407628128 0.7468354430379747
8 0.7020262216924911 0.4873417721518987 0.04767580452920143 0.7974683544303798
8 0.800953516090584 0.4873417721518987 0.04052443384982121 0.7215189873417721
8 0.8533969010727056 0.4873417721518987 0.04290822407628128 0.7721518987341772
8 0.9082240762812872 0.47468354430379744 0.04290822407628128 0.7721518987341772
8 0.9588796185935637 0.45569620253164556 0.03933253873659118 0.7594936708860759
