6 0.045562130177514794 0.4068627450980392 0.04142011834319527 0.5
2 0.09467455621301775 0.4019607843137255 0.040236686390532544 0.5686274509803921
2 0.1390532544378698 0.4068627450980392 0.039053254437869826 0.5588235294117647
8 0.18224852071005918 0.39215686274509803 0.04260355029585799 0.5490196078431373
4 0.2289940828402367 0.4166666666666667 0.04142011834319527 0.5196078431372549
3 0.278698224852071 0.45098039215686275 0.0485207100591716 0.5882352941176471
0 0.36627218934911243 0.4411764705882353 0.046153846153846156 0.6078431372549019
3 0.4171597633136095 0.4803921568627451 0.04378698224852071 0.5098039215686274
3 0.46449704142011833 0.47549019607843135 0.039053254437869826 0.5196078431372549
9 0.5076923076923077 0.5196078431372549 0.04260355029585799 0.5686274509803921
4 0.5585798816568047 0.5049019607843137 0.04260355029585799 0.5784313725490196
7 0.6053254437869823 0.4950980392156863 0.04142011834319527 0.5392156862745098
4 0.6532544378698225 0.5245098039215687 0.0378698224852071 0.5980392156862745
6 0.6994082840236686 0.5441176470588235 0.04260355029585799 0.5784313725490196
4 0.750887573964497 0.5392156862745098 0.04142011834319527 0.6078431372549019
5 0.7994082840236687 0.5588235294117647 0.04142011834319527 0.5686274509803921
4 0.8532544378698225 0.5637254901960784 0.04260355029585799 0.5784313725490196
7 0.9059171597633137 0.5882352941176471 0.04142011834319527 0.6078431372549019
3 0.9538461538461539 0.5784313725490196 0.04260355029585799 0.5490196078431373
