6 0.03360488798370672 0.44573643410852715 0.04276985743380855 0.5503875968992248
0 0.08401221995926679 0.4263565891472868 0.04378818737270875 0.5271317829457365
1 0.13136456211812625 0.43410852713178294 0.048879837067209775 0.5581395348837209
4 0.18584521384928715 0.43410852713178294 0.05193482688391038 0.5736434108527132
2 0.2871690427698574 0.43410852713178294 0.05498981670061099 0.5736434108527132
7 0.3431771894093686 0.44573643410852715 0.04684317718940936 0.5658914728682171
6 0.38951120162932784 0.4418604651162791 0.04175152749490835 0.5736434108527132
0 0.4414460285132382 0.4263565891472868 0.049898167006109974 0.49612403100775193
3 0.5412423625254582 0.46511627906976744 0.04786150712830957 0.5581395348837209
2 0.5926680244399185 0.45348837209302323 0.04684317718940936 0.5658914728682171
3 0.645621181262729 0.4418604651162791 0.05091649694501018 0.5891472868217054
1 0.6985743380855397 0.437984496124031 0.048879837067209775 0.5968992248062015
7 0.8014256619144602 0.4418604651162791 0.04684317718940936 0.5581395348837209
9 0.8523421588594704 0.4418604651162791 0.04276985743380855 0.5736434108527132
9 0.9022403258655803 0.44573643410852715 0.04276985743380855 0.5348837209302325
9 0.9531568228105906 0.43023255813953487 0.04684317718940936 0.5968992248062015
