4 0.02901785714285714 0.4375 0.049107142857142856 0.8250000000000001
5 0.08035714285714285 0.4625 0.04464285714285714 0.775
8 0.1294642857142857 0.4375 0.04464285714285714 0.775
1 0.18191964285714285 0.4625 0.046875 0.875
2 0.28794642857142855 0.4625 0.04464285714285714 0.8250000000000001
4 0.3404017857142857 0.4375 0.046875 0.8250000000000001
0 0.38950892857142855 0.45 0.04241071428571428 0.75
0 0.44754464285714285 0.48750000000000004 0.046875 0.8250000000000001
8 0.5457589285714285 0.4625 0.04241071428571428 0.875
8 0.5993303571428571 0.4375 0.04241071428571428 0.8250000000000001
8 0.6484375 0.4375 0.03794642857142857 0.775
8 0.7008928571428571 0.45 0.049107142857142856 0.75
8 0.8102678571428571 0.42500000000000004 0.04464285714285714 0.75
8 0.8627232142857142 0.42500000000000004 0.04241071428571428 0.75
8 0.9118303571428571 0.42500000000000004 0.03794642857142857 0.8
8 0.9642857142857142 0.41250000000000003 0.04464285714285714 0.775
