6 0.048133595284872294 0.5192307692307693 0.045186640471512766 0.6923076923076923
2 0.10314341846758349 0.5192307692307693 0.045186640471512766 0.6923076923076923
2 0.15127701375245578 0.5192307692307693 0.043222003929273084 0.6923076923076923
2 0.19941060903732807 0.5096153846153847 0.045186640471512766 0.6730769230769231
3 0.2946954813359528 0.5480769230769231 0.043222003929273084 0.7115384615384616
5 0.34774066797642433 0.5192307692307693 0.043222003929273084 0.6923076923076923
1 0.3968565815324165 0.5384615384615385 0.043222003929273084 0.6538461538461539
0 0.44891944990176813 0.576923076923077 0.04911591355599214 0.6923076923076923
3 0.5451866404715128 0.576923076923077 0.045186640471512766 0.7307692307692308
8 0.5913555992141454 0.5673076923076923 0.04715127701375245 0.75
3 0.6463654223968566 0.5576923076923077 0.05108055009823182 0.6923076923076923
8 0.6974459724950883 0.5288461538461539 0.043222003929273084 0.75
3 0.7976424361493123 0.5673076923076923 0.04715127701375245 0.6730769230769231
3 0.8526522593320235 0.5961538461538461 0.043222003929273084 0.7307692307692308
3 0.8988212180746561 0.5673076923076923 0.045186640471512766 0.6730769230769231
3 0.949901768172888 0.5865384615384616 0.04911591355599214 0.7115384615384616
