6 0.04206161137440759 0.45180722891566266 0.0485781990521327 0.7590361445783133
2 0.09360189573459717 0.46385542168674704 0.047393364928909956 0.7349397590361446
2 0.14454976303317538 0.43975903614457834 0.04502369668246446 0.783132530120482
8 0.1996445497630332 0.46987951807228917 0.0556872037914692 0.7710843373493976
3 0.30035545023696686 0.47590361445783136 0.04620853080568721 0.7590361445783133
7 0.3501184834123223 0.45180722891566266 0.04383886255924171 0.7590361445783133
8 0.3992890995260664 0.43373493975903615 0.04028436018957346 0.7710843373493976
8 0.45260663507109006 0.45180722891566266 0.047393364928909956 0.710843373493976
8 0.552132701421801 0.44578313253012053 0.04265402843601896 0.6987951807228916
8 0.6018957345971564 0.46987951807228917 0.04502369668246446 0.746987951807229
8 0.653436018957346 0.46987951807228917 0.04383886255924171 0.7951807228915663
8 0.707345971563981 0.5 0.04028436018957346 0.8072289156626506
8 0.8045023696682465 0.45783132530120485 0.047393364928909956 0.7228915662650602
8 0.8601895734597157 0.46385542168674704 0.04502369668246446 0.783132530120482
8 0.911137440758294 0.4879518072289157 0.047393364928909956 0.7349397590361446
8 0.9632701421800949 0.5120481927710844 0.047393364928909956 0.8313253012048193
