8 0.0404040404040404 0.5307692307692308 0.03751803751803752 0.7846153846153847
8 0.08946608946608947 0.5076923076923077 0.04329004329004329 0.7692307692307693
8 0.1378066378066378 0.5 0.044733044733044736 0.8153846153846154
8 0.19047619047619047 0.49230769230769234 0.05194805194805195 0.8
8 0.29365079365079366 0.5230769230769231 0.03896103896103896 0.8
8 0.3427128427128427 0.5230769230769231 0.044733044733044736 0.8615384615384616
8 0.3903318903318903 0.46153846153846156 0.044733044733044736 0.8307692307692308
8 0.4444444444444444 0.43846153846153846 0.046176046176046176 0.8461538461538463
8 0.5461760461760462 0.47692307692307695 0.044733044733044736 0.8
8 0.5988455988455988 0.43846153846153846 0.04329004329004329 0.7538461538461538
0 0.6486291486291487 0.46153846153846156 0.044733044733044736 0.8923076923076924
3 0.7005772005772006 0.42307692307692313 0.047619047619047616 0.7538461538461538
9 0.7994227994227994 0.4461538461538462 0.049062049062049064 0.8615384615384616
9 0.8564213564213564 0.4307692307692308 0.047619047619047616 0.7692307692307693
3 0.9062049062049062 0.39230769230769236 0.04329004329004329 0.7538461538461538
8 0.9574314574314574 0.4153846153846154 0.050505050505050504 0.7692307692307693
