6 0.03501945525291829 0.5 0.04669260700389105 0.8333333333333333
2 0.09143968871595332 0.4895833333333333 0.042801556420233464 0.8125
5 0.14007782101167315 0.4895833333333333 0.042801556420233464 0.8125
9 0.193579766536965 0.5 0.05252918287937743 0.8333333333333333
6 0.2918287937743191 0.5 0.05058365758754864 0.875
5 0.3472762645914397 0.5104166666666666 0.048638132295719845 0.8541666666666666
0 0.40077821011673154 0.4895833333333333 0.038910505836575876 0.8125
8 0.45233463035019456 0.46875 0.04474708171206226 0.7708333333333333
7 0.5525291828793775 0.4583333333333333 0.04669260700389105 0.8333333333333333
1 0.6060311284046692 0.44791666666666663 0.05252918287937743 0.8125
7 0.6595330739299611 0.44791666666666663 0.04669260700389105 0.8125
7 0.7159533073929961 0.44791666666666663 0.054474708171206226 0.8541666666666666
2 0.811284046692607 0.44791666666666663 0.05058365758754864 0.7291666666666666
0 0.8638132295719845 0.47916666666666663 0.05058365758754864 0.7916666666666666
9 0.9173151750972762 0.4375 0.04474708171206226 0.7916666666666666
8 0.9669260700389105 0.4583333333333333 0.04669260700389105 0.7916666666666666
