5 0.045319465081723624 0.5147058823529411 0.04903417533432392 0.7647058823529411
2 0.09806835066864784 0.4779411764705882 0.0475482912332838 0.7205882352941176
1 0.14487369985141157 0.4779411764705882 0.040118870728083206 0.7205882352941176
8 0.20059435364041603 0.4632352941176471 0.05646359583952451 0.7794117647058824
9 0.3031203566121842 0.4852941176470588 0.041604754829123326 0.7647058823529411
9 0.35066864784546803 0.4632352941176471 0.04457652303120356 0.8088235294117647
0 0.3989598811292719 0.4338235294117647 0.04903417533432392 0.8088235294117647
0 0.4561664190193165 0.4632352941176471 0.0475482912332838 0.75
8 0.550520059435364 0.47058823529411764 0.040118870728083206 0.7352941176470588
8 0.5995542347696879 0.4779411764705882 0.04309063893016345 0.7205882352941176
8 0.6485884101040118 0.4632352941176471 0.04309063893016345 0.7205882352941176
8 0.7020802377414561 0.45588235294117646 0.040118870728083206 0.7058823529411764
8 0.800148588410104 0.4926470588235294 0.04903417533432392 0.75
8 0.8536404160475483 0.4926470588235294 0.04606240713224368 0.6911764705882353
8 0.9041604754829123 0.4779411764705882 0.04309063893016345 0.75
8 0.950222882615156 0.4779411764705882 0.04309063893016345 0.75
