4 0.02901785714285714 0.4625 0.049107142857142856 0.875
5 0.08035714285714285 0.4625 0.04464285714285714 0.8250000000000001
8 0.13169642857142858 0.4375 0.040178571428571425 0.775
1 0.1796875 0.4625 0.03794642857142857 0.8250000000000001
2 0.28683035714285715 0.45 0.05133928571428571 0.8500000000000001
4 0.3404017857142857 0.47500000000000003 0.05133928571428571 0.8500000000000001
0 0.38950892857142855 0.4625 0.04241071428571428 0.775
0 0.4464285714285714 0.47500000000000003 0.04464285714285714 0.8
8 0.5446428571428571 0.4625 0.040178571428571425 0.775
8 0.5982142857142857 0.45 0.040178571428571425 0.75
8 0.6484375 0.42500000000000004 0.04241071428571428 0.75
8 0.6997767857142857 0.4375 0.046875 0.775
8 0.8058035714285714 0.4375 0.049107142857142856 0.775
8 0.859375 0.42500000000000004 0.03571428571428571 0.75
8 0.9118303571428571 0.4375 0.046875 0.775
8 0.9665178571428571 0.47500000000000003 0.049107142857142856 0.8
