6 0.030155642023346304 0.46875 0.04474708171206226 0.8125
2 0.08852140077821012 0.5104166666666666 0.048638132295719845 0.7708333333333333
5 0.14105058365758755 0.47916666666666663 0.04085603112840467 0.75
9 0.19552529182879377 0.47916666666666663 0.048638132295719845 0.7916666666666666
6 0.29474708171206226 0.4895833333333333 0.04474708171206226 0.8541666666666666
5 0.34922178988326846 0.4583333333333333 0.04474708171206226 0.8333333333333333
0 0.39785992217898836 0.4583333333333333 0.04085603112840467 0.7916666666666666
8 0.4494163424124514 0.4895833333333333 0.042801556420233464 0.7291666666666666
7 0.5573929961089494 0.4583333333333333 0.048638132295719845 0.7916666666666666
1 0.6070038910505837 0.44791666666666663 0.042801556420233464 0.8125
7 0.6605058365758755 0.41666666666666663 0.048638132295719845 0.7916666666666666
7 0.7130350194552529 0.47916666666666663 0.048638132295719845 0.75
2 0.811284046692607 0.4583333333333333 0.04669260700389105 0.7916666666666666
0 0.8667315175097277 0.47916666666666663 0.048638132295719845 0.75
9 0.9192607003891051 0.44791666666666663 0.048638132295719845 0.8125
8 0.9708171206225681 0.4375 0.042801556420233464 0.7916666666666666
