5 0.01867219917012448 0.48750000000000004 0.03319502074688797 0.925
2 0.06950207468879668 0.5125000000000001 0.05186721991701245 0.875
3 0.1275933609958506 0.5 0.04771784232365145 0.8500000000000001
6 0.18049792531120332 0.5125000000000001 0.04564315352697095 0.9750000000000001
4 0.28319502074688796 0.42500000000000004 0.056016597510373446 0.8
9 0.3412863070539419 0.5 0.04771784232365145 0.9500000000000001
8 0.3941908713692946 0.47500000000000003 0.05394190871369295 0.9
8 0.4512448132780083 0.48750000000000004 0.056016597510373446 0.875
8 0.549792531120332 0.47500000000000003 0.049792531120331954 0.8500000000000001
8 0.6037344398340249 0.47500000000000003 0.049792531120331954 0.8500000000000001
8 0.6556016597510373 0.47500000000000003 0.04564315352697095 0.8500000000000001
8 0.7116182572614108 0.47500000000000003 0.049792531120331954 0.9
8 0.8101659751037344 0.47500000000000003 0.056016597510373446 0.9
8 0.8682572614107884 0.41250000000000003 0.04771784232365145 0.775
8 0.9221991701244814 0.4375 0.04771784232365145 0.8250000000000001
8 0.9719917012448133 0.45 0.05186721991701245 0.8500000000000001
