3 0.031187122736418514 0.5851063829787234 0.04627766599597586 0.7446808510638298
5 0.08148893360160966 0.5106382978723404 0.04627766599597586 0.6808510638297872
6 0.12877263581488935 0.5425531914893617 0.048289738430583505 0.8297872340425532
8 0.18712273641851107 0.48936170212765956 0.048289738430583505 0.8085106382978723
9 0.2887323943661972 0.5319148936170213 0.04627766599597586 0.8085106382978723
9 0.3440643863179075 0.5212765957446809 0.048289738430583505 0.7872340425531915
0 0.3943661971830986 0.46808510638297873 0.04024144869215292 0.7659574468085106
0 0.4496981891348089 0.4787234042553191 0.04627766599597586 0.7872340425531915
0 0.5482897384305836 0.48936170212765956 0.04225352112676057 0.7234042553191489
0 0.6056338028169015 0.44680851063829785 0.048289738430583505 0.7659574468085106
0 0.6549295774647887 0.425531914893617 0.04627766599597586 0.6808510638297872
0 0.7102615694164991 0.46808510638297873 0.048289738430583505 0.6382978723404256
5 0.8108651911468814 0.425531914893617 0.048289738430583505 0.7659574468085106
0 0.8672032193158954 0.4787234042553191 0.04024144869215292 0.7021276595744681
0 0.9185110663983904 0.46808510638297873 0.03822937625754527 0.6808510638297872
0 0.9708249496981892 0.44680851063829785 0.04225352112676057 0.7659574468085106
