6 0.0436105476673428 0.5833333333333333 0.04665314401622718 0.7083333333333333
2 0.09432048681541583 0.5520833333333333 0.04259634888438134 0.6875
2 0.1460446247464503 0.5416666666666666 0.0486815415821501 0.7916666666666666
5 0.19371196754563894 0.5208333333333333 0.05070993914807302 0.75
7 0.29006085192697767 0.5416666666666666 0.04056795131845842 0.7916666666666666
5 0.33671399594320484 0.5 0.04462474645030426 0.8333333333333333
8 0.38640973630831643 0.5 0.04259634888438134 0.8333333333333333
8 0.43103448275862066 0.5208333333333333 0.038539553752535496 0.875
8 0.5253549695740365 0.5104166666666666 0.0486815415821501 0.7708333333333333
8 0.5730223123732251 0.46875 0.04259634888438134 0.7291666666666666
8 0.6196754563894523 0.4583333333333333 0.04665314401622718 0.75
8 0.6713995943204868 0.4583333333333333 0.04462474645030426 0.7916666666666666
8 0.7636916835699797 0.4375 0.04665314401622718 0.7083333333333333
8 0.8144016227180527 0.4375 0.04259634888438134 0.75
8 0.8620689655172413 0.4375 0.04462474645030426 0.8333333333333333
8 0.9117647058823529 0.41666666666666663 0.04665314401622718 0.75
