6 0.048648648648648644 0.5269461077844312 0.05645645645645645 0.7784431137724551
2 0.1102102102102102 0.5449101796407186 0.051051051051051045 0.7425149700598803
2 0.16426426426426427 0.5 0.049849849849849845 0.7724550898203594
8 0.2177177177177177 0.5089820359281437 0.048648648648648644 0.7904191616766467
3 0.3261261261261261 0.5269461077844312 0.05645645645645645 0.7784431137724551
7 0.37837837837837834 0.5329341317365269 0.04324324324324324 0.7904191616766467
8 0.4276276276276276 0.5179640718562875 0.04444444444444444 0.7604790419161677
8 0.47897897897897895 0.5209580838323353 0.049849849849849845 0.7904191616766467
8 0.5765765765765766 0.5119760479041916 0.04564564564564565 0.7245508982035929
8 0.6246246246246246 0.5389221556886228 0.04204204204204204 0.8502994011976048
8 0.6744744744744744 0.5209580838323353 0.04684684684684685 0.81437125748503
8 0.727027027027027 0.5059880239520959 0.047447447447447444 0.8443113772455091
8 0.8156156156156156 0.4820359281437126 0.04564564564564565 0.7604790419161677
8 0.8654654654654654 0.46107784431137727 0.04804804804804805 0.7544910179640719
8 0.9135135135135135 0.5059880239520959 0.04444444444444444 0.7365269461077845
8 0.9621621621621621 0.4640718562874252 0.04204204204204204 0.7245508982035929
