6 0.044009779951100246 0.5113636363636364 0.0488997555012225 0.75
2 0.0941320293398533 0.5 0.05134474327628362 0.7727272727272727
2 0.1491442542787286 0.5227272727272727 0.0488997555012225 0.7727272727272727
1 0.19926650366748166 0.5113636363636364 0.04156479217603912 0.75
6 0.2946210268948655 0.5113636363636364 0.04645476772616137 0.7954545454545455
6 0.34963325183374083 0.4772727272727273 0.044009779951100246 0.7727272727272727
8 0.39853300733496333 0.46590909090909094 0.044009779951100246 0.75
8 0.4511002444987775 0.5 0.04156479217603912 0.7272727272727273
8 0.5476772616136919 0.48863636363636365 0.044009779951100246 0.75
8 0.6002444987775061 0.5 0.04156479217603912 0.7272727272727273
8 0.6515892420537898 0.5113636363636364 0.04645476772616137 0.75
8 0.7078239608801956 0.46590909090909094 0.04156479217603912 0.75
8 0.7970660146699267 0.5 0.044009779951100246 0.7272727272727273
8 0.8508557457212714 0.5227272727272727 0.044009779951100246 0.6818181818181819
8 0.902200488997555 0.5 0.039119804400977995 0.7727272727272727
8 0.9572127139364303 0.5 0.04156479217603912 0.7272727272727273
