5 0.0455607476635514 0.46629213483146065 0.04439252336448598 0.7078651685393258
2 0.10455607476635513 0.4831460674157303 0.04088785046728972 0.696629213483146
0 0.15186915887850466 0.4943820224719101 0.04439252336448598 0.6741573033707865
0 0.20268691588785046 0.47191011235955055 0.04789719626168224 0.6067415730337078
8 0.29906542056074764 0.5 0.04439252336448598 0.6853932584269663
3 0.35046728971962615 0.4887640449438202 0.04205607476635514 0.6853932584269663
8 0.4007009345794392 0.4887640449438202 0.037383177570093455 0.6853932584269663
8 0.45443925233644855 0.5112359550561798 0.0514018691588785 0.7752808988764045
8 0.5508177570093458 0.47752808988764045 0.038551401869158876 0.7078651685393258
8 0.5992990654205607 0.4887640449438202 0.04439252336448598 0.6853932584269663
8 0.6495327102803737 0.47752808988764045 0.0397196261682243 0.7078651685393258
8 0.7003504672897196 0.47752808988764045 0.04789719626168224 0.6629213483146067
8 0.7996495327102803 0.4887640449438202 0.04322429906542056 0.6853932584269663
8 0.8522196261682242 0.5056179775280899 0.04088785046728972 0.696629213483146
8 0.8995327102803737 0.5 0.04205607476635514 0.7078651685393258
8 0.9550233644859812 0.5112359550561798 0.0455607476635514 0.7078651685393258
