6 0.048133595284872294 0.5192307692307693 0.045186640471512766 0.6923076923076923
2 0.10117878192534381 0.5288461538461539 0.045186640471512766 0.75
2 0.1493123772102161 0.5288461538461539 0.03929273084479371 0.6730769230769231
2 0.20137524557956776 0.5192307692307693 0.045186640471512766 0.6923076923076923
3 0.29764243614931235 0.5192307692307693 0.04911591355599214 0.7692307692307693
5 0.3516699410609037 0.5 0.043222003929273084 0.6923076923076923
0 0.39587426326129665 0.5288461538461539 0.041257367387033395 0.6730769230769231
0 0.44695481335952847 0.5480769230769231 0.045186640471512766 0.6346153846153847
3 0.5451866404715128 0.5576923076923077 0.045186640471512766 0.6923076923076923
8 0.5952848722986247 0.5865384615384616 0.03929273084479371 0.6730769230769231
3 0.6453831041257367 0.5673076923076923 0.04911591355599214 0.75
8 0.6954813359528487 0.576923076923077 0.03929273084479371 0.6538461538461539
3 0.8025540275049116 0.5576923076923077 0.045186640471512766 0.6923076923076923
3 0.8516699410609037 0.5865384615384616 0.045186640471512766 0.6346153846153847
3 0.9007858546168959 0.5673076923076923 0.041257367387033395 0.75
3 0.9479371316306483 0.5673076923076923 0.04911591355599214 0.75
