6 0.039691943127962086 0.45180722891566266 0.0485781990521327 0.783132530120482
2 0.09063981042654029 0.43975903614457834 0.04146919431279621 0.7349397590361446
2 0.14514218009478674 0.4879518072289157 0.0485781990521327 0.8072289156626506
8 0.1972748815165877 0.46385542168674704 0.050947867298578205 0.7590361445783133
3 0.2968009478672986 0.46385542168674704 0.050947867298578205 0.7590361445783133
7 0.3501184834123223 0.4879518072289157 0.04620853080568721 0.8072289156626506
8 0.3981042654028436 0.4879518072289157 0.04265402843601896 0.8313253012048193
8 0.4514218009478673 0.47590361445783136 0.04976303317535545 0.8072289156626506
8 0.5479857819905214 0.46385542168674704 0.04620853080568721 0.710843373493976
8 0.604265402843602 0.45180722891566266 0.04265402843601896 0.783132530120482
8 0.6510663507109006 0.46385542168674704 0.04383886255924171 0.7349397590361446
8 0.7031990521327015 0.46385542168674704 0.0485781990521327 0.783132530120482
8 0.8050947867298579 0.44578313253012053 0.050947867298578205 0.819277108433735
8 0.8584123222748816 0.45180722891566266 0.04620853080568721 0.8072289156626506
8 0.9093601895734598 0.46385542168674704 0.04620853080568721 0.8072289156626506
8 0.9626777251184835 0.47590361445783136 0.050947867298578205 0.8072289156626506
