6 0.03198653198653199 0.4821428571428571 0.046015712682379355 0.8214285714285714
2 0.08922558922558924 0.494047619047619 0.0415263748597082 0.7976190476190476
2 0.13804713804713806 0.494047619047619 0.044893378226711564 0.9166666666666666
6 0.19472502805836142 0.5059523809523809 0.05050505050505051 0.7976190476190476
1 0.29629629629629634 0.5 0.03815937149270483 0.8571428571428571
8 0.34455667789001126 0.47023809523809523 0.04264870931537598 0.7976190476190476
8 0.39730639730639733 0.46428571428571425 0.04040404040404041 0.738095238095238
8 0.44893378226711567 0.47023809523809523 0.047138047138047146 0.8452380952380952
8 0.5482603815937149 0.47619047619047616 0.04377104377104377 0.8095238095238095
8 0.6038159371492705 0.45238095238095233 0.044893378226711564 0.7619047619047619
8 0.6554433221099888 0.47619047619047616 0.03815937149270483 0.738095238095238
8 0.7065095398428732 0.4583333333333333 0.03928170594837262 0.7738095238095237
8 0.8108866442199776 0.494047619047619 0.04826038159371493 0.7976190476190476
8 0.862514029180696 0.4464285714285714 0.04377104377104377 0.75
8 0.9107744107744109 0.4583333333333333 0.03928170594837262 0.8214285714285714
8 0.9663299663299664 0.47023809523809523 0.044893378226711564 0.7976190476190476
