3 0.02716297786720322 0.5212765957446809 0.04627766599597586 0.7446808510638298
5 0.07947686116700202 0.5212765957446809 0.04627766599597586 0.7446808510638298
6 0.13279678068410464 0.5 0.044265593561368215 0.7021276595744681
8 0.1841046277665996 0.5106382978723404 0.04627766599597586 0.7659574468085106
9 0.2887323943661972 0.5851063829787234 0.04627766599597586 0.8297872340425532
9 0.341046277665996 0.5 0.04225352112676057 0.7872340425531915
0 0.39134808853118713 0.48936170212765956 0.04225352112676057 0.7234042553191489
0 0.4486921529175051 0.4574468085106383 0.052313883299798795 0.7021276595744681
0 0.551307847082495 0.4787234042553191 0.048289738430583505 0.7872340425531915
0 0.6046277665995976 0.425531914893617 0.04627766599597586 0.6382978723404256
0 0.6569416498993964 0.44680851063829785 0.04225352112676057 0.7234042553191489
0 0.7102615694164991 0.46808510638297873 0.048289738430583505 0.6808510638297872
5 0.8148893360160967 0.425531914893617 0.052313883299798795 0.6808510638297872
0 0.8651911468812878 0.425531914893617 0.044265593561368215 0.6808510638297872
0 0.9164989939637828 0.4574468085106383 0.05030181086519115 0.7021276595744681
0 0.9668008048289739 0.425531914893617 0.05030181086519115 0.6808510638297872
