6 0.03497164461247637 0.5576923076923077 0.04725897920604915 0.8076923076923077
2 0.08506616257088848 0.5673076923076923 0.045368620037807186 0.75
2 0.1389413988657845 0.5384615384615385 0.043478260869565216 0.7692307692307693
5 0.19281663516068054 0.5384615384615385 0.052930056710775046 0.8076923076923077
7 0.29111531190926276 0.5288461538461539 0.04914933837429112 0.826923076923077
5 0.3449905482041588 0.4903846153846154 0.04725897920604915 0.7884615384615385
8 0.3950850661625709 0.4711538461538462 0.04158790170132325 0.7884615384615385
8 0.44896030245746693 0.44230769230769235 0.05103969754253308 0.7692307692307693
8 0.5406427221172023 0.46153846153846156 0.052930056710775046 0.8076923076923077
8 0.5945179584120983 0.3942307692307693 0.043478260869565216 0.7115384615384616
8 0.6446124763705104 0.3942307692307693 0.04914933837429112 0.75
8 0.7003780718336484 0.375 0.054820415879017016 0.6730769230769231
8 0.7930056710775047 0.375 0.05103969754253308 0.7115384615384616
8 0.8440453686200379 0.3942307692307693 0.03969754253308129 0.7115384615384616
8 0.8941398865784499 0.3653846153846154 0.045368620037807186 0.6923076923076923
8 0.948015122873346 0.3942307692307693 0.054820415879017016 0.7115384615384616
