6 0.05191256830601093 0.4661016949152542 0.04918032786885246 0.7627118644067796
2 0.10564663023679417 0.5254237288135594 0.04007285974499089 0.7457627118644068
2 0.15664845173041894 0.5254237288135594 0.04735883424408015 0.6779661016949152
5 0.21584699453551912 0.5084745762711864 0.052823315118397086 0.7457627118644068
7 0.30601092896174864 0.5 0.04735883424408015 0.6610169491525424
5 0.35792349726775957 0.4830508474576271 0.04189435336976321 0.6949152542372882
8 0.40619307832422585 0.4915254237288136 0.04007285974499089 0.6440677966101694
8 0.4553734061930783 0.4576271186440678 0.04735883424408015 0.6779661016949152
8 0.5510018214936248 0.4830508474576271 0.04918032786885246 0.6949152542372882
8 0.6020036429872495 0.4915254237288136 0.04189435336976321 0.6779661016949152
8 0.651183970856102 0.4915254237288136 0.04918032786885246 0.6779661016949152
8 0.7030965391621129 0.4830508474576271 0.05100182149362477 0.7627118644067796
8 0.7950819672131147 0.5338983050847458 0.052823315118397086 0.6949152542372882
8 0.8497267759562841 0.5254237288135594 0.04918032786885246 0.7457627118644068
8 0.8943533697632058 0.5254237288135594 0.04371584699453552 0.8135593220338984
8 0.9462659380692168 0.5423728813559322 0.04918032786885246 0.6779661016949152
