6 0.04142011834319527 0.4019607843137255 0.040236686390532544 0.5294117647058824
2 0.09053254437869823 0.39705882352941174 0.046153846153846156 0.5588235294117647
2 0.1390532544378698 0.4215686274509804 0.036686390532544376 0.5294117647058824
8 0.1834319526627219 0.446078431372549 0.033136094674556214 0.5196078431372549
4 0.2289940828402367 0.43137254901960786 0.04142011834319527 0.5882352941176471
3 0.27692307692307694 0.4264705882352941 0.040236686390532544 0.5980392156862745
0 0.3656804733727811 0.4362745098039216 0.047337278106508875 0.5784313725490196
3 0.41597633136094675 0.47058823529411764 0.039053254437869826 0.5294117647058824
3 0.4621301775147929 0.46078431372549017 0.039053254437869826 0.5294117647058824
9 0.5094674556213018 0.4950980392156863 0.036686390532544376 0.5784313725490196
4 0.5585798816568047 0.4852941176470588 0.040236686390532544 0.5784313725490196
7 0.6059171597633136 0.5098039215686274 0.04497041420118343 0.5686274509803921
4 0.6526627218934912 0.5147058823529411 0.039053254437869826 0.5588235294117647
6 0.7 0.553921568627451 0.04142011834319527 0.5784313725490196
4 0.750887573964497 0.5441176470588235 0.04378698224852071 0.5784313725490196
5 0.8035502958579882 0.5490196078431373 0.05207100591715976 0.6078431372549019
4 0.8526627218934911 0.5588235294117647 0.04142011834319527 0.5882352941176471
7 0.9035502958579882 0.6029411764705882 0.04378698224852071 0.6372549019607843
3 0.9538461538461539 0.5931372549019608 0.040236686390532544 0.5784313725490196
