6 0.044009779951100246 0.5113636363636364 0.044009779951100246 0.7045454545454546
2 0.09290953545232274 0.5227272727272727 0.0488997555012225 0.7272727272727273
2 0.1466992665036675 0.5227272727272727 0.044009779951100246 0.8181818181818182
1 0.20048899755501223 0.5113636363636364 0.05378973105134474 0.75
6 0.28973105134474325 0.5454545454545454 0.05134474327628362 0.8181818181818182
6 0.34474327628361856 0.5227272727272727 0.05378973105134474 0.8181818181818182
8 0.39731051344743273 0.5 0.04156479217603912 0.7272727272727273
8 0.4511002444987775 0.4545454545454546 0.04156479217603912 0.6818181818181819
8 0.5464547677261614 0.5340909090909091 0.04645476772616137 0.8409090909090909
8 0.5990220048899756 0.5113636363636364 0.0488997555012225 0.75
8 0.6491442542787286 0.5113636363636364 0.04156479217603912 0.75
8 0.7090464547677262 0.5 0.0488997555012225 0.7272727272727273
8 0.7982885085574573 0.5 0.04645476772616137 0.6818181818181819
8 0.8484107579462102 0.5113636363636364 0.039119804400977995 0.6590909090909091
8 0.902200488997555 0.5227272727272727 0.0488997555012225 0.7272727272727273
8 0.9547677261613692 0.48863636363636365 0.04645476772616137 0.7045454545454546
