6 0.03721374045801527 0.4473684210526315 0.047709923664122134 0.6491228070175439
2 0.09064885496183206 0.45614035087719296 0.03625954198473282 0.6666666666666666
2 0.1431297709923664 0.47368421052631576 0.04580152671755725 0.7368421052631579
5 0.19561068702290074 0.4649122807017544 0.047709923664122134 0.6842105263157894
7 0.29389312977099236 0.5 0.04198473282442748 0.8245614035087718
5 0.3416030534351145 0.49122807017543857 0.04580152671755725 0.7368421052631579
8 0.3931297709923664 0.5350877192982456 0.04198473282442748 0.7543859649122806
8 0.44083969465648853 0.5087719298245614 0.04198473282442748 0.7368421052631579
8 0.541030534351145 0.5263157894736842 0.047709923664122134 0.631578947368421
8 0.5925572519083969 0.5263157894736842 0.04389312977099236 0.7017543859649122
8 0.6431297709923663 0.5175438596491228 0.04580152671755725 0.7192982456140351
8 0.6956106870229007 0.5 0.047709923664122134 0.7192982456140351
8 0.7958015267175572 0.5263157894736842 0.04580152671755725 0.7017543859649122
8 0.8454198473282443 0.5175438596491228 0.04198473282442748 0.6842105263157894
8 0.8979007633587786 0.5350877192982456 0.047709923664122134 0.7543859649122806
8 0.9522900763358778 0.5438596491228069 0.04580152671755725 0.7368421052631579
