5 0.04497663551401869 0.4606741573033708 0.052570093457943924 0.7865168539325842
2 0.10105140186915887 0.47191011235955055 0.04789719626168224 0.7640449438202247
0 0.15011682242990654 0.4943820224719101 0.04322429906542056 0.7415730337078652
0 0.1997663551401869 0.46629213483146065 0.04672897196261682 0.7528089887640449
8 0.2961448598130841 0.46629213483146065 0.052570093457943924 0.7752808988764045
3 0.35105140186915884 0.4831460674157303 0.0455607476635514 0.7865168539325842
8 0.4007009345794392 0.4943820224719101 0.04439252336448598 0.8089887640449438
8 0.451518691588785 0.4887640449438202 0.04789719626168224 0.7303370786516854
8 0.5473130841121495 0.47752808988764045 0.0455607476635514 0.7078651685393258
8 0.5992990654205607 0.47191011235955055 0.04672897196261682 0.6741573033707865
8 0.6512850467289719 0.4943820224719101 0.0455607476635514 0.7640449438202247
8 0.7032710280373832 0.47191011235955055 0.04906542056074766 0.7865168539325842
8 0.7967289719626167 0.4943820224719101 0.04906542056074766 0.7640449438202247
8 0.8492990654205607 0.5168539325842696 0.04205607476635514 0.7640449438202247
8 0.9007009345794392 0.4887640449438202 0.04672897196261682 0.7303370786516854
8 0.9538551401869159 0.5056179775280899 0.052570093457943924 0.7415730337078652
