6 0.06065857885615251 0.532258064516129 0.05199306759098787 0.7096774193548387
2 0.11178509532062392 0.5483870967741935 0.03986135181975736 0.7096774193548387
2 0.158578856152513 0.5564516129032258 0.05025996533795494 0.7258064516129032
5 0.21057192374350087 0.5564516129032258 0.05025996533795494 0.8225806451612903
8 0.304159445407279 0.564516129032258 0.04679376083188908 0.7419354838709677
5 0.35355285961871746 0.5403225806451613 0.04506065857885615 0.7258064516129032
8 0.4038128249566724 0.564516129032258 0.04159445407279029 0.7419354838709677
8 0.4540727902946274 0.5080645161290323 0.04159445407279029 0.7580645161290323
8 0.5450606585788561 0.4838709677419355 0.04332755632582322 0.6451612903225806
8 0.5935875216637782 0.5 0.03986135181975736 0.6774193548387096
8 0.6421143847487001 0.49193548387096775 0.03986135181975736 0.7258064516129032
8 0.6915077989601386 0.5403225806451613 0.04506065857885615 0.7258064516129032
8 0.7868284228769497 0.5161290322580645 0.04506065857885615 0.6451612903225806
8 0.8379549393414211 0.49193548387096775 0.03986135181975736 0.6935483870967741
8 0.8856152512998267 0.4758064516129032 0.04506065857885615 0.7580645161290323
8 0.9324090121317157 0.49193548387096775 0.04852686308492201 0.7580645161290323
