6 0.047008547008547015 0.4895833333333333 0.05128205128205129 0.8125
2 0.0950854700854701 0.5 0.04487179487179488 0.7083333333333333
2 0.1495726495726496 0.5625 0.05128205128205129 0.7916666666666666
5 0.20405982905982908 0.53125 0.04914529914529915 0.8125
7 0.3023504273504274 0.5104166666666666 0.04487179487179488 0.7708333333333333
5 0.3514957264957265 0.5104166666666666 0.04487179487179488 0.7708333333333333
8 0.40064102564102566 0.53125 0.0405982905982906 0.7708333333333333
8 0.4508547008547009 0.4895833333333333 0.047008547008547015 0.7291666666666666
8 0.5480769230769231 0.5 0.05341880341880342 0.7083333333333333
8 0.6004273504273505 0.44791666666666663 0.042735042735042736 0.8541666666666666
8 0.6527777777777778 0.5104166666666666 0.04914529914529915 0.8125
8 0.7040598290598291 0.4895833333333333 0.04914529914529915 0.7708333333333333
8 0.7991452991452992 0.46875 0.05555555555555556 0.7291666666666666
8 0.8525641025641026 0.5208333333333333 0.038461538461538464 0.75
8 0.9006410256410258 0.53125 0.04487179487179488 0.7708333333333333
8 0.9497863247863249 0.46875 0.04487179487179488 0.8125
