6 0.050660792951541855 0.5454545454545454 0.048458149779735685 0.7272727272727273
2 0.10242290748898679 0.5113636363636364 0.04185022026431719 0.8863636363636364
2 0.15198237885462557 0.46590909090909094 0.048458149779735685 0.8409090909090909
5 0.20814977973568283 0.48863636363636365 0.050660792951541855 0.8863636363636364
7 0.30286343612334804 0.4431818181818182 0.04625550660792952 0.75
5 0.354625550660793 0.4772727272727273 0.04405286343612335 0.7727272727272727
8 0.407488986784141 0.5113636363636364 0.048458149779735685 0.7954545454545455
8 0.4592511013215859 0.4545454545454546 0.050660792951541855 0.7727272727272727
8 0.5539647577092511 0.4545454545454546 0.050660792951541855 0.7727272727272727
8 0.604625550660793 0.4545454545454546 0.04625550660792952 0.6818181818181819
8 0.6552863436123348 0.4318181818181818 0.050660792951541855 0.8181818181818182
8 0.7114537444933922 0.4545454545454546 0.052863436123348026 0.7727272727272727
8 0.7984581497797357 0.4318181818181818 0.05506607929515419 0.7272727272727273
8 0.8579295154185023 0.38636363636363635 0.04625550660792952 0.6818181818181819
8 0.9041850220264318 0.4090909090909091 0.050660792951541855 0.7272727272727273
8 0.9570484581497798 0.4318181818181818 0.05506607929515419 0.7727272727272727
