5 0.050695825049701784 0.5 0.049701789264413515 0.7647058823529411
2 0.10238568588469184 0.5196078431372549 0.041749502982107355 0.803921568627451
3 0.1540755467196819 0.5 0.04572564612326043 0.7647058823529411
6 0.2067594433399602 0.5 0.04373757455268389 0.803921568627451
4 0.3041749502982107 0.5 0.04771371769383698 0.7254901960784313
9 0.3608349900596421 0.5098039215686274 0.04572564612326043 0.7843137254901961
8 0.41053677932405563 0.49019607843137253 0.04572564612326043 0.7058823529411764
8 0.4642147117296222 0.5196078431372549 0.05367793240556659 0.7647058823529411
8 0.5566600397614313 0.5098039215686274 0.05168986083499005 0.6666666666666666
8 0.6093439363817097 0.5 0.041749502982107355 0.8431372549019608
8 0.658051689860835 0.5 0.04373757455268389 0.803921568627451
8 0.7087475149105367 0.46078431372549017 0.04572564612326043 0.8431372549019608
8 0.8031809145129224 0.5 0.05566600397614314 0.803921568627451
8 0.856858846918489 0.49019607843137253 0.04373757455268389 0.7843137254901961
8 0.9045725646123259 0.49019607843137253 0.04771371769383698 0.7843137254901961
8 0.9542743538767394 0.47058823529411764 0.04771371769383698 0.7450980392156863
