6 0.0604089219330855 0.5263157894736842 0.05390334572490706 0.6666666666666666
2 0.11245353159851301 0.5526315789473684 0.04275092936802974 0.6842105263157894
2 0.16171003717472118 0.5526315789473684 0.0483271375464684 0.7192982456140351
5 0.2137546468401487 0.5526315789473684 0.04460966542750929 0.6842105263157894
7 0.3094795539033457 0.5087719298245614 0.05018587360594795 0.7017543859649122
5 0.3578066914498141 0.5087719298245614 0.04275092936802974 0.6666666666666666
8 0.40613382899628253 0.5263157894736842 0.046468401486988845 0.631578947368421
8 0.4563197026022305 0.5175438596491228 0.04275092936802974 0.7543859649122806
8 0.5483271375464683 0.5263157894736842 0.04460966542750929 0.631578947368421
8 0.5994423791821561 0.5175438596491228 0.04275092936802974 0.6140350877192982
8 0.6468401486988847 0.5175438596491228 0.040892193308550186 0.6491228070175439
8 0.6988847583643122 0.48245614035087714 0.0483271375464684 0.6491228070175439
8 0.7955390334572491 0.5 0.0483271375464684 0.6842105263157894
8 0.8438661710037174 0.5 0.040892193308550186 0.7192982456140351
8 0.8884758364312267 0.5 0.040892193308550186 0.7192982456140351
8 0.9405204460966542 0.5175438596491228 0.04460966542750929 0.6491228070175439
