6 0.039272030651340994 0.603448275862069 0.047892720306513405 0.6896551724137931
2 0.09003831417624521 0.5948275862068966 0.042145593869731796 0.6724137931034483
2 0.14367816091954022 0.5948275862068966 0.04980842911877394 0.7758620689655172
5 0.1982758620689655 0.5689655172413793 0.047892720306513405 0.6896551724137931
7 0.29885057471264365 0.5258620689655172 0.04980842911877394 0.6724137931034483
5 0.3496168582375479 0.5517241379310345 0.047892720306513405 0.6551724137931034
8 0.39846743295019155 0.5344827586206896 0.042145593869731796 0.5862068965517241
8 0.450191570881226 0.5258620689655172 0.04980842911877394 0.6379310344827586
8 0.5488505747126436 0.5 0.044061302681992334 0.6206896551724138
8 0.5996168582375478 0.5258620689655172 0.04597701149425287 0.603448275862069
8 0.650383141762452 0.5086206896551724 0.047892720306513405 0.603448275862069
8 0.7011494252873562 0.5258620689655172 0.04597701149425287 0.6379310344827586
8 0.7978927203065134 0.5172413793103449 0.05172413793103448 0.6551724137931034
8 0.8524904214559387 0.48275862068965514 0.04980842911877394 0.6896551724137931
8 0.8994252873563218 0.5 0.047892720306513405 0.6896551724137931
8 0.9511494252873562 0.48275862068965514 0.05938697318007662 0.7931034482758621
