5 0.03887884267631103 0.5288461538461539 0.05244122965641953 0.7884615384615385
2 0.09403254972875226 0.5865384615384616 0.04701627486437613 0.826923076923077
3 0.14828209764918626 0.5673076923076923 0.039783001808318265 0.75
6 0.1980108499095841 0.5384615384615385 0.045207956600361664 0.8076923076923077
4 0.2974683544303797 0.4807692307692308 0.05244122965641953 0.7307692307692308
9 0.3535262206148282 0.5288461538461539 0.048824593128390596 0.8653846153846154
8 0.40144665461121154 0.5384615384615385 0.0433996383363472 0.8461538461538463
8 0.4520795660036166 0.4903846153846154 0.05063291139240506 0.75
8 0.5533453887884268 0.5288461538461539 0.05063291139240506 0.8653846153846154
8 0.6039783001808318 0.5096153846153847 0.0433996383363472 0.8653846153846154
8 0.6537070524412296 0.4807692307692308 0.045207956600361664 0.8076923076923077
8 0.705244122965642 0.46153846153846156 0.0433996383363472 0.7692307692307693
8 0.8028933092224231 0.4711538461538462 0.05063291139240506 0.8653846153846154
8 0.8562386980108498 0.4711538461538462 0.048824593128390596 0.7884615384615385
8 0.9086799276672695 0.4711538461538462 0.048824593128390596 0.7884615384615385
8 0.9620253164556962 0.4134615384615385 0.04701627486437613 0.7884615384615385
