6 0.059245960502693 0.5517241379310345 0.053859964093357277 0.7586206896551724
2 0.11041292639138241 0.5689655172413793 0.04129263913824058 0.7931034482758621
2 0.16247755834829444 0.5689655172413793 0.04129263913824058 0.7931034482758621
5 0.21633752244165172 0.5517241379310345 0.05206463195691203 0.7586206896551724
7 0.30969479353680435 0.5431034482758621 0.04488330341113106 0.7758620689655172
6 0.35637342908438063 0.5172413793103449 0.04129263913824058 0.7586206896551724
8 0.40843806104129265 0.5603448275862069 0.04129263913824058 0.7758620689655172
8 0.4622980251346499 0.5172413793103449 0.05565529622980252 0.7931034482758621
8 0.552064631956912 0.5 0.04488330341113106 0.7931034482758621
8 0.6023339317773788 0.47413793103448276 0.04488330341113106 0.8448275862068966
8 0.651705565529623 0.5086206896551724 0.04308797127468582 0.8448275862068966
8 0.7046678635547576 0.5 0.04847396768402155 0.7931034482758621
8 0.7926391382405745 0.4482758620689655 0.04847396768402155 0.7931034482758621
8 0.8447037701974865 0.48275862068965514 0.04129263913824058 0.8620689655172413
8 0.8931777378815081 0.46551724137931033 0.04488330341113106 0.8275862068965517
8 0.9416517055655297 0.4482758620689655 0.04488330341113106 0.7931034482758621
