4 0.049003322259136214 0.47014925373134325 0.04817275747508306 0.6716417910447761
3 0.10299003322259137 0.4626865671641791 0.03986710963455149 0.8059701492537313
9 0.15282392026578073 0.48507462686567165 0.046511627906976744 0.7014925373134329
2 0.20598006644518274 0.5 0.046511627906976744 0.7910447761194029
6 0.2973421926910299 0.5074626865671642 0.053156146179401995 0.7761194029850746
0 0.35215946843853824 0.4925373134328358 0.04318936877076412 0.7761194029850746
8 0.4011627906976744 0.4925373134328358 0.04152823920265781 0.7462686567164178
8 0.45598006644518274 0.5 0.044850498338870434 0.7313432835820896
8 0.5523255813953488 0.5074626865671642 0.04817275747508306 0.7164179104477612
8 0.6046511627906976 0.5149253731343284 0.046511627906976744 0.7313432835820896
8 0.6553156146179402 0.4925373134328358 0.044850498338870434 0.6865671641791045
8 0.7059800664451827 0.5074626865671642 0.04318936877076412 0.7164179104477612
8 0.7965116279069767 0.48507462686567165 0.051495016611295685 0.6417910447761194
8 0.8513289036544851 0.5074626865671642 0.04152823920265781 0.6865671641791045
8 0.8961794019933556 0.5074626865671642 0.04152823920265781 0.6567164179104478
8 0.9476744186046512 0.5373134328358209 0.044850498338870434 0.6865671641791045
