4 0.04076086956521739 0.5303030303030303 0.04891304347826087 0.7272727272727273
3 0.09329710144927536 0.5303030303030303 0.04528985507246377 0.6666666666666667
9 0.14402173913043478 0.5530303030303031 0.04528985507246377 0.7121212121212122
2 0.19202898550724637 0.5303030303030303 0.04710144927536232 0.6666666666666667
6 0.286231884057971 0.5303030303030303 0.057971014492753624 0.6363636363636364
0 0.33967391304347827 0.5075757575757576 0.04528985507246377 0.6818181818181819
8 0.38858695652173914 0.49242424242424243 0.041666666666666664 0.6818181818181819
8 0.44021739130434784 0.49242424242424243 0.050724637681159424 0.5909090909090909
8 0.532608695652174 0.5227272727272727 0.050724637681159424 0.5909090909090909
8 0.5842391304347826 0.5227272727272727 0.041666666666666664 0.5
8 0.6304347826086957 0.5151515151515151 0.050724637681159424 0.5454545454545454
8 0.6793478260869565 0.5227272727272727 0.04710144927536232 0.6212121212121212
8 0.7726449275362319 0.4545454545454546 0.05615942028985507 0.696969696969697
8 0.8251811594202899 0.5151515151515151 0.041666666666666664 0.696969696969697
8 0.8722826086956522 0.46212121212121215 0.04528985507246377 0.6212121212121212
8 0.9248188405797102 0.4772727272727273 0.04891304347826087 0.6212121212121212
