5 0.024861878453038676 0.5490196078431373 0.04604051565377532 0.8627450980392157
2 0.07918968692449356 0.5490196078431373 0.05156537753222836 0.7843137254901961
3 0.13535911602209946 0.5392156862745098 0.04972375690607735 0.803921568627451
6 0.18876611418047884 0.5490196078431373 0.0423572744014733 0.9019607843137255
4 0.2918968692449356 0.4803921568627451 0.04972375690607735 0.8431372549019608
9 0.3462246777163904 0.4803921568627451 0.05156537753222836 0.8823529411764706
8 0.40147329650092084 0.5 0.04788213627992634 0.9607843137254902
8 0.4521178637200737 0.47058823529411764 0.04972375690607735 0.8235294117647058
8 0.5441988950276243 0.4411764705882353 0.0570902394106814 0.8431372549019608
8 0.6049723756906078 0.43137254901960786 0.04972375690607735 0.7843137254901961
8 0.6556169429097606 0.45098039215686275 0.05156537753222836 0.8235294117647058
8 0.7071823204419889 0.4117647058823529 0.05156537753222836 0.7843137254901961
8 0.8001841620626151 0.4411764705882353 0.06077348066298343 0.8431372549019608
8 0.8591160220994476 0.38235294117647056 0.04972375690607735 0.7254901960784313
8 0.9097605893186004 0.4019607843137255 0.05156537753222836 0.7254901960784313
8 0.9622467771639043 0.4117647058823529 0.053406998158379376 0.7450980392156863
