6 0.06864406779661017 0.5 0.0423728813559322 0.8
2 0.11864406779661017 0.54 0.04745762711864407 0.84
2 0.1694915254237288 0.54 0.04406779661016949 0.92
5 0.22033898305084745 0.51 0.05084745762711864 0.78
7 0.31525423728813556 0.46 0.04406779661016949 0.76
5 0.3635593220338983 0.48 0.0423728813559322 0.8
8 0.40932203389830507 0.42 0.03898305084745762 0.76
8 0.4576271186440678 0.43 0.04406779661016949 0.74
8 0.5449152542372881 0.45 0.05254237288135593 0.78
8 0.5949152542372881 0.42 0.04067796610169491 0.76
8 0.6457627118644068 0.41000000000000003 0.04745762711864407 0.78
8 0.6957627118644067 0.47000000000000003 0.04915254237288135 0.86
8 0.7805084745762711 0.45 0.05593220338983051 0.86
8 0.8313559322033898 0.4 0.04576271186440678 0.76
8 0.8788135593220339 0.41000000000000003 0.04576271186440678 0.74
8 0.9254237288135593 0.4 0.05084745762711864 0.76
