5 0.045319465081723624 0.4852941176470588 0.052005943536404156 0.8235294117647058
2 0.0988112927191679 0.47058823529411764 0.04606240713224368 0.8529411764705882
1 0.14933135215453194 0.4852941176470588 0.052005943536404156 0.8823529411764706
8 0.20282317979197623 0.4852941176470588 0.052005943536404156 0.9117647058823529
9 0.29791976225854383 0.5073529411764706 0.04606240713224368 0.8382352941176471
9 0.34695393759286774 0.4779411764705882 0.04606240713224368 0.8088235294117647
0 0.39821693907875183 0.47058823529411764 0.05052005943536404 0.7941176470588235
0 0.45096582466567603 0.4852941176470588 0.052005943536404156 0.7941176470588235
8 0.551263001485884 0.5147058823529411 0.05052005943536404 0.8235294117647058
8 0.6010401188707281 0.47058823529411764 0.04606240713224368 0.8235294117647058
8 0.6508172362555721 0.4779411764705882 0.0475482912332838 0.8382352941176471
8 0.7028231797919762 0.4632352941176471 0.05052005943536404 0.8970588235294118
8 0.7934621099554234 0.4411764705882353 0.05943536404160475 0.7941176470588235
8 0.8521545319465081 0.4632352941176471 0.04903417533432392 0.7794117647058824
8 0.900445765230312 0.4779411764705882 0.04457652303120356 0.75
8 0.9554234769687964 0.4632352941176471 0.05349182763744428 0.7205882352941176
