6 0.02919020715630885 0.47000000000000003 0.047080979284369114 0.8200000000000001
2 0.08192090395480225 0.48 0.047080979284369114 0.88
5 0.1384180790960452 0.48 0.047080979284369114 0.88
3 0.19303201506591336 0.49 0.05084745762711864 0.86
3 0.2796610169491525 0.46 0.05084745762711864 0.88
8 0.3342749529190207 0.47000000000000003 0.047080979284369114 0.9
8 0.3888888888888889 0.43 0.047080979284369114 0.8200000000000001
8 0.4444444444444444 0.45 0.04896421845574388 0.86
8 0.5301318267419962 0.47000000000000003 0.047080979284369114 0.86
8 0.5847457627118644 0.47000000000000003 0.047080979284369114 0.8200000000000001
8 0.6393596986817326 0.47000000000000003 0.047080979284369114 0.86
8 0.6939736346516008 0.46 0.05084745762711864 0.88
8 0.7787193973634652 0.46 0.054613935969868174 0.84
8 0.8361581920903954 0.46 0.052730696798493404 0.84
8 0.891713747645951 0.48 0.047080979284369114 0.84
8 0.9491525423728813 0.46 0.04896421845574388 0.88
