6 0.02824858757062147 0.45 0.04519774011299435 0.78
2 0.08192090395480225 0.51 0.05084745762711864 0.9
5 0.14124293785310735 0.49 0.04896421845574388 0.9
3 0.1958568738229755 0.47000000000000003 0.04519774011299435 0.9
3 0.2787193973634651 0.43 0.04896421845574388 0.78
8 0.3352165725047081 0.49 0.04896421845574388 0.8200000000000001
8 0.3907721280602636 0.46 0.05084745762711864 0.84
8 0.4463276836158192 0.46 0.04896421845574388 0.88
8 0.5291902071563088 0.49 0.052730696798493404 0.9400000000000001
8 0.5856873822975518 0.5 0.04896421845574388 0.92
8 0.6384180790960452 0.51 0.04896421845574388 0.9400000000000001
8 0.6949152542372881 0.49 0.052730696798493404 0.86
8 0.7796610169491525 0.48 0.052730696798493404 0.88
8 0.8389830508474576 0.49 0.047080979284369114 0.9400000000000001
8 0.8945386064030132 0.48 0.04896421845574388 0.88
8 0.9500941619585687 0.47000000000000003 0.05084745762711864 0.9
