6 0.030708661417322834 0.5087719298245614 0.05196850393700787 0.8421052631578947
2 0.08425196850393701 0.49122807017543857 0.048818897637795275 0.8771929824561403
2 0.1377952755905512 0.5350877192982456 0.048818897637795275 0.9298245614035088
6 0.1921259842519685 0.5263157894736842 0.050393700787401574 0.8771929824561403
2 0.2874015748031496 0.47368421052631576 0.05196850393700787 0.8070175438596491
2 0.3401574803149606 0.4649122807017544 0.047244094488188976 0.8245614035087718
6 0.3968503937007874 0.47368421052631576 0.050393700787401574 0.8771929824561403
5 0.4519685039370079 0.47368421052631576 0.05669291338582677 0.9122807017543859
0 0.5464566929133858 0.5 0.05984251968503937 0.9649122807017543
4 0.6055118110236221 0.4298245614035088 0.048818897637795275 0.8245614035087718
3 0.6590551181102362 0.48245614035087714 0.04566929133858268 0.8596491228070176
9 0.7118110236220472 0.43859649122807015 0.05354330708661417 0.8070175438596491
0 0.8078740157480315 0.43859649122807015 0.05669291338582677 0.7719298245614035
3 0.8629921259842519 0.4298245614035088 0.05354330708661417 0.8245614035087718
3 0.9188976377952756 0.4649122807017544 0.048818897637795275 0.894736842105263
3 0.9700787401574803 0.5 0.050393700787401574 0.9298245614035088
