6 0.030708661417322834 0.49122807017543857 0.048818897637795275 0.8771929824561403
2 0.08346456692913386 0.48245614035087714 0.047244094488188976 0.9298245614035088
2 0.1377952755905512 0.5 0.04566929133858268 0.8596491228070176
6 0.1905511811023622 0.5087719298245614 0.050393700787401574 0.8421052631578947
2 0.2889763779527559 0.47368421052631576 0.048818897637795275 0.8421052631578947
2 0.34566929133858265 0.48245614035087714 0.048818897637795275 0.894736842105263
6 0.39763779527559057 0.5 0.048818897637795275 0.894736842105263
5 0.4511811023622047 0.5087719298245614 0.048818897637795275 0.8421052631578947
0 0.5503937007874016 0.48245614035087714 0.05196850393700787 0.8596491228070176
4 0.6055118110236221 0.4649122807017544 0.05196850393700787 0.8596491228070176
3 0.6598425196850394 0.5263157894736842 0.04409448818897638 0.8771929824561403
9 0.7110236220472441 0.47368421052631576 0.05196850393700787 0.9122807017543859
0 0.8047244094488188 0.48245614035087714 0.05669291338582677 0.9298245614035088
3 0.8622047244094488 0.43859649122807015 0.04566929133858268 0.8070175438596491
3 0.915748031496063 0.4649122807017544 0.04566929133858268 0.8245614035087718
3 0.9700787401574803 0.47368421052631576 0.047244094488188976 0.8771929824561403
