5 0.028868360277136258 0.4431818181818182 0.053117782909930716 0.7954545454545455
2 0.08198614318706697 0.4545454545454546 0.04849884526558891 0.8181818181818182
5 0.13625866050808313 0.4772727272727273 0.050808314087759814 0.8181818181818182
7 0.18937644341801385 0.5113636363636364 0.050808314087759814 0.8409090909090909
8 0.28752886836027713 0.46590909090909094 0.053117782909930716 0.7954545454545455
6 0.34526558891454967 0.5340909090909091 0.053117782909930716 0.8409090909090909
3 0.40415704387990764 0.5113636363636364 0.050808314087759814 0.75
7 0.4618937644341801 0.5113636363636364 0.050808314087759814 0.7954545454545455
6 0.5519630484988453 0.4772727272727273 0.06004618937644342 0.8181818181818182
8 0.6096997690531177 0.4772727272727273 0.050808314087759814 0.7727272727272727
0 0.6662817551963048 0.5 0.04849884526558891 0.7727272727272727
8 0.7182448036951501 0.5113636363636364 0.050808314087759814 0.75
2 0.8244803695150116 0.5 0.05542725173210161 0.8181818181818182
8 0.8787528868360277 0.48863636363636365 0.04849884526558891 0.8409090909090909
2 0.9318706697459584 0.5227272727272727 0.04849884526558891 0.8636363636363636
8 0.9792147806004619 0.5454545454545454 0.04157043879907621 0.9090909090909092
