6 0.018915510718789406 0.45138888888888884 0.035308953341740223 0.875
2 0.06746532156368222 0.4722222222222222 0.05170239596469105 0.8888888888888888
2 0.12421185372005045 0.4583333333333333 0.04665825977301387 0.861111111111111
6 0.17717528373266078 0.4722222222222222 0.05422446406052964 0.861111111111111
0 0.2812105926860025 0.4930555555555555 0.058007566204287514 0.875
1 0.3385876418663304 0.5138888888888888 0.04665825977301387 0.861111111111111
8 0.39281210592686 0.5 0.04918032786885246 0.8888888888888888
8 0.4520807061790668 0.4583333333333333 0.05674653215636822 0.861111111111111
8 0.5485498108448928 0.47916666666666663 0.055485498108448925 0.875
8 0.60718789407314 0.47916666666666663 0.04918032786885246 0.8194444444444444
8 0.6620428751576293 0.4930555555555555 0.04791929382093316 0.875
8 0.7181588902900379 0.46527777777777773 0.04665825977301387 0.8472222222222222
8 0.8228247162673392 0.4305555555555555 0.04918032786885246 0.8333333333333333
8 0.8776796973518285 0.4930555555555555 0.04791929382093316 0.8472222222222222
8 0.9306431273644389 0.45138888888888884 0.04791929382093316 0.875
8 0.980453972257251 0.45138888888888884 0.03909205548549811 0.875
