6 0.02919020715630885 0.46 0.04331450094161959 0.84
2 0.08097928436911488 0.5 0.04519774011299435 0.88
5 0.14030131826741996 0.52 0.05084745762711864 0.92
3 0.19774011299435026 0.51 0.04896421845574388 0.9
3 0.2787193973634651 0.45 0.052730696798493404 0.86
8 0.3352165725047081 0.47000000000000003 0.04896421845574388 0.86
8 0.38983050847457623 0.47000000000000003 0.04519774011299435 0.86
8 0.443502824858757 0.5 0.047080979284369114 0.88
8 0.5301318267419962 0.48 0.05084745762711864 0.84
8 0.5875706214689266 0.45 0.04896421845574388 0.86
8 0.64030131826742 0.46 0.04896421845574388 0.84
8 0.6958568738229755 0.48 0.05084745762711864 0.84
8 0.7787193973634652 0.48 0.06214689265536723 0.88
8 0.8380414312617702 0.46 0.052730696798493404 0.88
8 0.8935969868173258 0.48 0.047080979284369114 0.84
8 0.9463276836158192 0.46 0.04331450094161959 0.88
