6 0.034688995215311005 0.48863636363636365 0.045454545454545456 0.75
2 0.08851674641148324 0.5113636363636364 0.043062200956937795 0.7954545454545455
2 0.1423444976076555 0.5113636363636364 0.050239234449760764 0.8863636363636364
5 0.19736842105263158 0.5 0.050239234449760764 0.8636363636363636
7 0.2942583732057416 0.4545454545454546 0.043062200956937795 0.7272727272727273
6 0.3456937799043062 0.4431818181818182 0.04066985645933014 0.7954545454545455
8 0.3971291866028708 0.4545454545454546 0.043062200956937795 0.7272727272727273
8 0.4497607655502392 0.4545454545454546 0.05263157894736842 0.7727272727272727
8 0.5502392344497608 0.46590909090909094 0.043062200956937795 0.6590909090909091
8 0.6016746411483254 0.48863636363636365 0.04066985645933014 0.7045454545454546
8 0.6519138755980861 0.48863636363636365 0.045454545454545456 0.7045454545454546
8 0.7093301435406698 0.5113636363636364 0.05502392344497607 0.7954545454545455
8 0.8002392344497608 0.5 0.05502392344497607 0.8181818181818182
8 0.8564593301435406 0.48863636363636365 0.043062200956937795 0.7954545454545455
8 0.9078947368421052 0.5113636363636364 0.045454545454545456 0.8409090909090909
8 0.9629186602870813 0.5340909090909091 0.05502392344497607 0.8409090909090909
