6 0.022798742138364782 0.4568965517241379 0.04245283018867925 0.8793103448275862
2 0.0699685534591195 0.46551724137931033 0.04874213836477988 0.896551724137931
2 0.12185534591194969 0.4568965517241379 0.04874213836477988 0.8793103448275862
6 0.1737421383647799 0.47413793103448276 0.045597484276729564 0.8448275862068966
2 0.2759433962264151 0.48275862068965514 0.05188679245283019 0.9310344827586207
3 0.33018867924528306 0.5086206896551724 0.04402515723270441 0.8103448275862069
8 0.3812893081761006 0.46551724137931033 0.045597484276729564 0.8620689655172413
8 0.4371069182389937 0.46551724137931033 0.050314465408805034 0.8275862068965517
8 0.5353773584905661 0.47413793103448276 0.04874213836477988 0.9137931034482758
8 0.5911949685534591 0.4568965517241379 0.050314465408805034 0.8793103448275862
8 0.6415094339622642 0.4482758620689655 0.04716981132075472 0.8620689655172413
8 0.6965408805031447 0.4568965517241379 0.05345911949685535 0.8793103448275862
8 0.7979559748427674 0.49137931034482757 0.055031446540880505 0.8793103448275862
8 0.8537735849056605 0.4396551724137931 0.04402515723270441 0.8448275862068966
8 0.9056603773584906 0.46551724137931033 0.05345911949685535 0.896551724137931
8 0.9583333333333334 0.4568965517241379 0.05188679245283019 0.8793103448275862
