6 0.02283464566929134 0.4818181818181818 0.04251968503937008 0.8545454545454545
2 0.0732283464566929 0.4636363636363636 0.048818897637795275 0.8545454545454545
2 0.12992125984251968 0.4909090909090909 0.048818897637795275 0.7999999999999999
6 0.18188976377952756 0.5 0.04566929133858268 0.8909090909090909
0 0.28346456692913385 0.45454545454545453 0.05354330708661417 0.8727272727272727
0 0.3401574803149606 0.4818181818181818 0.047244094488188976 0.8909090909090909
8 0.3952755905511811 0.4818181818181818 0.047244094488188976 0.8545454545454545
8 0.44724409448818897 0.4818181818181818 0.050393700787401574 0.8909090909090909
8 0.5511811023622047 0.4909090909090909 0.05354330708661417 0.8363636363636363
8 0.6055118110236221 0.5181818181818182 0.048818897637795275 0.8909090909090909
8 0.6598425196850394 0.4636363636363636 0.050393700787401574 0.8545454545454545
8 0.7141732283464567 0.4909090909090909 0.05196850393700787 0.9090909090909091
8 0.8149606299212598 0.4636363636363636 0.05511811023622047 0.8909090909090909
8 0.8716535433070866 0.5 0.048818897637795275 0.9272727272727272
8 0.9251968503937008 0.5 0.05196850393700787 0.9272727272727272
8 0.9779527559055118 0.5 0.04409448818897638 0.8909090909090909
