6 0.022012578616352203 0.48275862068965514 0.04088050314465409 0.9310344827586207
2 0.0699685534591195 0.47413793103448276 0.04874213836477988 0.9137931034482758
2 0.12106918238993711 0.4396551724137931 0.04402515723270441 0.8448275862068966
6 0.17216981132075473 0.5 0.04874213836477988 0.9310344827586207
2 0.2759433962264151 0.47413793103448276 0.055031446540880505 0.9137931034482758
3 0.33018867924528306 0.5 0.04402515723270441 0.8620689655172413
8 0.38207547169811323 0.4568965517241379 0.04716981132075472 0.8793103448275862
8 0.4386792452830189 0.4568965517241379 0.05345911949685535 0.8448275862068966
8 0.5345911949685535 0.4482758620689655 0.05345911949685535 0.8620689655172413
8 0.589622641509434 0.49137931034482757 0.04402515723270441 0.8103448275862069
8 0.6430817610062893 0.46551724137931033 0.050314465408805034 0.8275862068965517
8 0.6949685534591196 0.49137931034482757 0.050314465408805034 0.8448275862068966
8 0.7979559748427674 0.4482758620689655 0.05188679245283019 0.8275862068965517
8 0.8529874213836478 0.4568965517241379 0.04874213836477988 0.7758620689655172
8 0.9072327044025158 0.47413793103448276 0.04716981132075472 0.8103448275862069
8 0.9614779874213837 0.49137931034482757 0.05188679245283019 0.8793103448275862
