6 0.022798742138364782 0.4568965517241379 0.04245283018867925 0.8448275862068966
2 0.0699685534591195 0.4482758620689655 0.04874213836477988 0.8620689655172413
2 0.12185534591194969 0.48275862068965514 0.04874213836477988 0.8620689655172413
6 0.17531446540880505 0.49137931034482757 0.04874213836477988 0.8793103448275862
2 0.2751572327044025 0.4568965517241379 0.05345911949685535 0.8793103448275862
3 0.33018867924528306 0.48275862068965514 0.04402515723270441 0.8275862068965517
8 0.3828616352201258 0.46551724137931033 0.045597484276729564 0.8620689655172413
8 0.4363207547169812 0.49137931034482757 0.055031446540880505 0.8793103448275862
8 0.5338050314465409 0.47413793103448276 0.055031446540880505 0.8448275862068966
8 0.5911949685534591 0.4568965517241379 0.04716981132075472 0.8103448275862069
8 0.6422955974842768 0.46551724137931033 0.04874213836477988 0.8275862068965517
8 0.6988993710691824 0.48275862068965514 0.04874213836477988 0.8620689655172413
8 0.7955974842767296 0.4568965517241379 0.05660377358490566 0.8448275862068966
8 0.8522012578616353 0.4568965517241379 0.050314465408805034 0.8793103448275862
8 0.9056603773584906 0.47413793103448276 0.04716981132075472 0.8793103448275862
8 0.9583333333333334 0.46551724137931033 0.05188679245283019 0.896551724137931
