6 0.024409448818897637 0.4909090909090909 0.04566929133858268 0.9090909090909091
2 0.07401574803149606 0.509090909090909 0.047244094488188976 0.8727272727272727
2 0.12913385826771653 0.4909090909090909 0.050393700787401574 0.9090909090909091
6 0.1826771653543307 0.509090909090909 0.05354330708661417 0.9454545454545454
0 0.2858267716535433 0.4909090909090909 0.05196850393700787 0.9090909090909091
0 0.3401574803149606 0.4636363636363636 0.050393700787401574 0.8909090909090909
8 0.3960629921259842 0.5 0.05196850393700787 0.8909090909090909
8 0.4511811023622047 0.4818181818181818 0.05196850393700787 0.8909090909090909
8 0.5519685039370079 0.4909090909090909 0.05511811023622047 0.7999999999999999
8 0.6086614173228346 0.5363636363636364 0.05196850393700787 0.8909090909090909
8 0.6590551181102362 0.5181818181818182 0.04566929133858268 0.9272727272727272
8 0.7141732283464567 0.45454545454545453 0.06141732283464567 0.8363636363636363
8 0.8181102362204724 0.4909090909090909 0.05196850393700787 0.8727272727272727
8 0.8700787401574803 0.5272727272727272 0.04566929133858268 0.9090909090909091
8 0.9244094488188976 0.4818181818181818 0.050393700787401574 0.8545454545454545
8 0.9771653543307086 0.5272727272727272 0.04566929133858268 0.9090909090909091
