6 0.04296875 0.46875 0.05078125 0.8125
2 0.0947265625 0.4895833333333333 0.044921875 0.7708333333333333
2 0.1494140625 0.4895833333333333 0.048828125 0.8125
5 0.205078125 0.5104166666666666 0.05078125 0.7708333333333333
7 0.3017578125 0.53125 0.052734375 0.8541666666666666
6 0.3583984375 0.5 0.048828125 0.7916666666666666
8 0.4111328125 0.4895833333333333 0.044921875 0.7708333333333333
8 0.462890625 0.46875 0.046875 0.7708333333333333
8 0.5556640625 0.5104166666666666 0.056640625 0.8125
8 0.6123046875 0.5104166666666666 0.048828125 0.8125
8 0.6640625 0.5 0.05078125 0.7916666666666666
8 0.716796875 0.4895833333333333 0.046875 0.8125
8 0.8134765625 0.4583333333333333 0.048828125 0.8333333333333333
8 0.8671875 0.4895833333333333 0.05078125 0.7708333333333333
8 0.9208984375 0.47916666666666663 0.048828125 0.7916666666666666
8 0.974609375 0.5104166666666666 0.046875 0.8125
