6 0.04715127701375245 0.5480769230769231 0.043222003929273084 0.7884615384615385
2 0.09823182711198428 0.5384615384615385 0.043222003929273084 0.7692307692307693
2 0.14636542239685657 0.5288461538461539 0.041257367387033395 0.826923076923077
2 0.19646365422396855 0.5384615384615385 0.043222003929273084 0.8076923076923077
3 0.29960707269155207 0.5192307692307693 0.045186640471512766 0.8076923076923077
5 0.34872298624754416 0.5480769230769231 0.045186640471512766 0.826923076923077
0 0.39489194499017677 0.576923076923077 0.03929273084479371 0.7692307692307693
0 0.44204322200392926 0.5192307692307693 0.043222003929273084 0.8076923076923077
3 0.5383104125736738 0.5 0.05108055009823182 0.7692307692307693
8 0.5943025540275049 0.5192307692307693 0.045186640471512766 0.8076923076923077
3 0.6463654223968566 0.5192307692307693 0.04715127701375245 0.8461538461538463
8 0.6984282907662082 0.4903846153846154 0.04911591355599214 0.8653846153846154
3 0.7976424361493123 0.576923076923077 0.05108055009823182 0.7692307692307693
3 0.8487229862475442 0.5288461538461539 0.04715127701375245 0.826923076923077
3 0.8978388998035363 0.5865384615384616 0.043222003929273084 0.7115384615384616
3 0.9459724950884085 0.5384615384615385 0.045186640471512766 0.8076923076923077
