3 0.04156769596199525 0.5 0.05463182897862233 0.75
7 0.10332541567695963 0.5104166666666666 0.0498812351543943 0.8125
9 0.16033254156769597 0.5208333333333333 0.05463182897862233 0.75
8 0.2173396674584323 0.5520833333333333 0.0498812351543943 0.8125
9 0.333729216152019 0.5 0.06413301662707839 0.75
9 0.3954869358669834 0.4895833333333333 0.05463182897862233 0.8125
8 0.4524940617577197 0.5208333333333333 0.0498812351543943 0.8333333333333333
8 0.5118764845605701 0.5104166666666666 0.05463182897862233 0.7708333333333333
8 0.5688836104513064 0.47916666666666663 0.05463182897862233 0.8333333333333333
8 0.6282660332541568 0.5104166666666666 0.05938242280285036 0.8125
8 0.7399049881235155 0.4895833333333333 0.05463182897862233 0.8125
8 0.7992874109263658 0.46875 0.0498812351543943 0.8125
8 0.8551068883610452 0.4895833333333333 0.052256532066508314 0.8125
8 0.9144893111638955 0.5104166666666666 0.052256532066508314 0.8125
8 0.9703087885985748 0.5 0.05463182897862233 0.7916666666666666
