6 0.03296703296703297 0.5740740740740741 0.054945054945054944 0.7777777777777777
2 0.0879120879120879 0.5277777777777778 0.04395604395604395 0.7962962962962963
2 0.14285714285714285 0.5462962962962963 0.047619047619047616 0.9074074074074073
5 0.1987179487179487 0.5555555555555556 0.04945054945054945 0.8888888888888888
7 0.2948717948717949 0.5740740740740741 0.05128205128205128 0.8148148148148148
6 0.34706959706959706 0.5185185185185185 0.04212454212454213 0.8518518518518519
8 0.3992673992673993 0.5092592592592592 0.047619047619047616 0.7962962962962963
8 0.4523809523809524 0.5277777777777778 0.04395604395604395 0.8333333333333333
8 0.5512820512820513 0.4629629629629629 0.05128205128205128 0.7777777777777777
8 0.6053113553113553 0.537037037037037 0.045787545787545784 0.8148148148148148
8 0.6575091575091575 0.4722222222222222 0.04395604395604395 0.7222222222222222
8 0.7097069597069597 0.4629629629629629 0.04945054945054945 0.8148148148148148
8 0.8086080586080586 0.4907407407407407 0.04945054945054945 0.8333333333333333
8 0.8598901098901099 0.48148148148148145 0.045787545787545784 0.8148148148148148
8 0.9102564102564102 0.4722222222222222 0.040293040293040296 0.8333333333333333
8 0.9606227106227107 0.4444444444444444 0.045787545787545784 0.8148148148148148
