6 0.045186640471512766 0.5192307692307693 0.04715127701375245 0.8076923076923077
2 0.09626719056974459 0.5288461538461539 0.043222003929273084 0.75
2 0.14636542239685657 0.5384615384615385 0.045186640471512766 0.8076923076923077
2 0.19744597249508838 0.5192307692307693 0.045186640471512766 0.8076923076923077
3 0.29371316306483297 0.5384615384615385 0.04911591355599214 0.8076923076923077
5 0.34774066797642433 0.5096153846153847 0.04715127701375245 0.826923076923077
0 0.39489194499017677 0.5384615384615385 0.03929273084479371 0.8076923076923077
0 0.4440078585461689 0.5096153846153847 0.043222003929273084 0.8653846153846154
3 0.5402750491159135 0.5576923076923077 0.05108055009823182 0.7307692307692308
8 0.593320235756385 0.5384615384615385 0.04715127701375245 0.8461538461538463
3 0.6463654223968566 0.5288461538461539 0.05108055009823182 0.826923076923077
8 0.699410609037328 0.5384615384615385 0.05108055009823182 0.7692307692307693
3 0.7966601178781925 0.576923076923077 0.05697445972495088 0.7307692307692308
3 0.849705304518664 0.5480769230769231 0.041257367387033395 0.7884615384615385
3 0.8978388998035363 0.5288461538461539 0.043222003929273084 0.826923076923077
3 0.949901768172888 0.5480769230769231 0.045186640471512766 0.826923076923077
