4 0.029197080291970802 0.5648148148148148 0.051094890510948905 0.8333333333333333
3 0.08576642335766423 0.5462962962962963 0.051094890510948905 0.7962962962962963
9 0.13959854014598538 0.5277777777777778 0.04562043795620438 0.8703703703703703
2 0.19343065693430656 0.5092592592592592 0.04744525547445255 0.7962962962962963
6 0.28923357664233573 0.5185185185185185 0.05656934306569343 0.8888888888888888
0 0.3448905109489051 0.48148148148148145 0.04744525547445255 0.7777777777777777
8 0.3978102189781022 0.5 0.043795620437956206 0.8148148148148148
8 0.4470802919708029 0.48148148148148145 0.04744525547445255 0.7777777777777777
8 0.5447080291970803 0.42592592592592593 0.05656934306569343 0.7037037037037037
8 0.6003649635036497 0.45370370370370366 0.04744525547445255 0.7222222222222222
8 0.6505474452554745 0.4722222222222222 0.049270072992700725 0.7962962962962963
8 0.7043795620437956 0.4351851851851852 0.05474452554744525 0.7592592592592592
8 0.7992700729927007 0.41666666666666663 0.051094890510948905 0.7962962962962963
8 0.8521897810218978 0.4074074074074074 0.051094890510948905 0.7407407407407407
8 0.9023722627737226 0.4074074074074074 0.04562043795620438 0.7407407407407407
8 0.9525547445255474 0.37037037037037035 0.051094890510948905 0.7037037037037037
