6 0.04420432220039292 0.5 0.05304518664047151 0.8846153846153847
2 0.09528487229862474 0.4903846153846154 0.03732809430255402 0.8653846153846154
2 0.1473477406679764 0.4903846153846154 0.04715127701375245 0.826923076923077
2 0.20137524557956776 0.5480769230769231 0.045186640471512766 0.8653846153846154
3 0.2946954813359528 0.5096153846153847 0.04715127701375245 0.7115384615384616
5 0.34577603143418467 0.5 0.043222003929273084 0.8846153846153847
0 0.39489194499017677 0.5384615384615385 0.04715127701375245 0.8076923076923077
0 0.44597249508840864 0.4903846153846154 0.04715127701375245 0.7884615384615385
3 0.5451866404715128 0.5480769230769231 0.045186640471512766 0.75
8 0.5952848722986247 0.5192307692307693 0.043222003929273084 0.7692307692307693
3 0.6463654223968566 0.5288461538461539 0.043222003929273084 0.7884615384615385
8 0.6964636542239685 0.5480769230769231 0.045186640471512766 0.7884615384615385
3 0.7956777996070726 0.5288461538461539 0.05108055009823182 0.7884615384615385
3 0.8487229862475442 0.5192307692307693 0.03929273084479371 0.7692307692307693
3 0.8968565815324164 0.5576923076923077 0.045186640471512766 0.7692307692307693
3 0.9459724950884085 0.5576923076923077 0.045186640471512766 0.8076923076923077
