6 0.04536082474226804 0.47058823529411764 0.041237113402061855 0.7450980392156863
2 0.09690721649484536 0.4803921568627451 0.04948453608247423 0.803921568627451
2 0.14845360824742268 0.46078431372549017 0.04536082474226804 0.8823529411764706
5 0.20309278350515464 0.49019607843137253 0.051546391752577324 0.8627450980392157
7 0.2979381443298969 0.46078431372549017 0.04742268041237113 0.7647058823529411
5 0.35154639175257735 0.46078431372549017 0.04742268041237113 0.7647058823529411
8 0.4 0.47058823529411764 0.041237113402061855 0.7450980392156863
8 0.44742268041237115 0.46078431372549017 0.04536082474226804 0.7254901960784313
8 0.5412371134020618 0.45098039215686275 0.05567010309278351 0.7058823529411764
8 0.5979381443298969 0.5 0.04536082474226804 0.7647058823529411
8 0.6453608247422681 0.49019607843137253 0.041237113402061855 0.7843137254901961
8 0.6969072164948453 0.5196078431372549 0.04948453608247423 0.803921568627451
8 0.7958762886597939 0.49019607843137253 0.04536082474226804 0.7843137254901961
8 0.8484536082474227 0.45098039215686275 0.04742268041237113 0.7450980392156863
8 0.9 0.49019607843137253 0.04329896907216495 0.7843137254901961
8 0.9567010309278351 0.47058823529411764 0.0577319587628866 0.8235294117647058
