6 0.032101167315175094 0.5104166666666666 0.05252918287937743 0.9375
2 0.08949416342412451 0.46875 0.04669260700389105 0.8125
5 0.14105058365758755 0.46875 0.048638132295719845 0.7708333333333333
9 0.19552529182879377 0.5208333333333333 0.05252918287937743 0.875
6 0.29377431906614787 0.5104166666666666 0.054474708171206226 0.9791666666666666
5 0.34824902723735407 0.46875 0.04669260700389105 0.8958333333333333
0 0.39688715953307396 0.4895833333333333 0.04669260700389105 0.8125
8 0.45038910505836577 0.44791666666666663 0.048638132295719845 0.8541666666666666
7 0.5535019455252919 0.47916666666666663 0.05252918287937743 0.9166666666666666
1 0.6070038910505837 0.4375 0.042801556420233464 0.8333333333333333
7 0.6595330739299611 0.46875 0.05058365758754864 0.8125
7 0.7120622568093385 0.5 0.05058365758754864 0.8333333333333333
2 0.8044747081712063 0.5 0.05642023346303502 0.8333333333333333
0 0.8628404669260701 0.46875 0.048638132295719845 0.8125
9 0.9182879377431907 0.44791666666666663 0.04669260700389105 0.8125
8 0.9659533073929961 0.44791666666666663 0.04474708171206226 0.8541666666666666
