6 0.034046692607003895 0.46875 0.05642023346303502 0.8958333333333333
2 0.09046692607003891 0.47916666666666663 0.048638132295719845 0.7916666666666666
5 0.14007782101167315 0.47916666666666663 0.05058365758754864 0.7916666666666666
9 0.19455252918287938 0.46875 0.058365758754863814 0.8125
6 0.2928015564202335 0.53125 0.05252918287937743 0.9375
5 0.34824902723735407 0.4583333333333333 0.04669260700389105 0.875
0 0.39883268482490275 0.44791666666666663 0.042801556420233464 0.8541666666666666
8 0.4494163424124514 0.5 0.054474708171206226 0.8333333333333333
7 0.5515564202334631 0.4895833333333333 0.048638132295719845 0.8958333333333333
1 0.6079766536964981 0.47916666666666663 0.04474708171206226 0.7916666666666666
7 0.6605058365758755 0.4583333333333333 0.048638132295719845 0.8333333333333333
7 0.7140077821011673 0.46875 0.058365758754863814 0.8958333333333333
2 0.8073929961089494 0.4375 0.054474708171206226 0.8333333333333333
0 0.8608949416342413 0.44791666666666663 0.048638132295719845 0.8541666666666666
9 0.9124513618677043 0.44791666666666663 0.04669260700389105 0.8541666666666666
8 0.9649805447470817 0.47916666666666663 0.05058365758754864 0.9166666666666666
