6 0.033073929961089495 0.46875 0.05058365758754864 0.8958333333333333
2 0.09143968871595332 0.4895833333333333 0.04669260700389105 0.8125
5 0.14202334630350194 0.4895833333333333 0.04669260700389105 0.8541666666666666
9 0.19747081712062256 0.5 0.048638132295719845 0.8333333333333333
6 0.2908560311284047 0.5 0.05642023346303502 0.875
5 0.35019455252918286 0.5 0.05058365758754864 0.875
0 0.39980544747081714 0.5104166666666666 0.04474708171206226 0.8958333333333333
8 0.45136186770428016 0.46875 0.05058365758754864 0.8958333333333333
7 0.5505836575875487 0.5 0.05058365758754864 0.8333333333333333
1 0.6060311284046692 0.4895833333333333 0.048638132295719845 0.8541666666666666
7 0.6614785992217899 0.4375 0.05058365758754864 0.7916666666666666
7 0.7140077821011673 0.44791666666666663 0.05058365758754864 0.8541666666666666
2 0.806420233463035 0.44791666666666663 0.05642023346303502 0.8125
0 0.8638132295719845 0.46875 0.04669260700389105 0.8125
9 0.9153696498054474 0.4583333333333333 0.05252918287937743 0.7916666666666666
8 0.9659533073929961 0.4583333333333333 0.04474708171206226 0.8333333333333333
