8 0.03751803751803752 0.5230769230769231 0.04329004329004329 0.8615384615384616
8 0.08874458874458875 0.5153846153846154 0.047619047619047616 0.8153846153846154
8 0.1370851370851371 0.5076923076923077 0.0404040404040404 0.8
8 0.18831168831168832 0.49230769230769234 0.047619047619047616 0.8923076923076924
8 0.2893217893217893 0.5076923076923077 0.050505050505050504 0.8615384615384616
8 0.3412698412698413 0.47692307692307695 0.044733044733044736 0.8923076923076924
8 0.3939393939393939 0.5 0.05194805194805195 0.8461538461538463
8 0.44805194805194803 0.49230769230769234 0.050505050505050504 0.8307692307692308
8 0.5447330447330447 0.48461538461538467 0.044733044733044736 0.8153846153846154
8 0.5937950937950938 0.47692307692307695 0.047619047619047616 0.8615384615384616
0 0.6479076479076479 0.49230769230769234 0.05194805194805195 0.9230769230769231
3 0.7063492063492064 0.5230769230769231 0.06204906204906205 0.8923076923076924
9 0.8008658008658008 0.4461538461538462 0.049062049062049064 0.8615384615384616
9 0.8535353535353535 0.46153846153846156 0.044733044733044736 0.8923076923076924
3 0.9033189033189033 0.4461538461538462 0.04329004329004329 0.8307692307692308
8 0.9559884559884559 0.4307692307692308 0.047619047619047616 0.8307692307692308
