6 0.034046692607003895 0.46875 0.05252918287937743 0.8125
2 0.09143968871595332 0.46875 0.04669260700389105 0.8125
5 0.14202334630350194 0.47916666666666663 0.04669260700389105 0.875
9 0.19455252918287938 0.4583333333333333 0.05058365758754864 0.875
6 0.2898832684824903 0.47916666666666663 0.054474708171206226 0.9166666666666666
5 0.34922178988326846 0.5 0.048638132295719845 0.9583333333333333
0 0.39980544747081714 0.5208333333333333 0.04474708171206226 0.9166666666666666
8 0.45428015564202334 0.46875 0.05642023346303502 0.8125
7 0.5505836575875487 0.4895833333333333 0.05058365758754864 0.8125
1 0.6089494163424125 0.46875 0.05058365758754864 0.8541666666666666
7 0.6614785992217899 0.46875 0.04669260700389105 0.8125
7 0.7140077821011673 0.4375 0.05058365758754864 0.8333333333333333
2 0.8073929961089494 0.44791666666666663 0.054474708171206226 0.7708333333333333
0 0.8628404669260701 0.44791666666666663 0.048638132295719845 0.8541666666666666
9 0.9163424124513618 0.4375 0.042801556420233464 0.8333333333333333
8 0.9649805447470817 0.4583333333333333 0.04669260700389105 0.875
