3 0.03800475059382423 0.46875 0.061757719714964375 0.8125
7 0.0997624703087886 0.47916666666666663 0.052256532066508314 0.7916666666666666
9 0.15914489311163896 0.4583333333333333 0.052256532066508314 0.7916666666666666
8 0.21852731591448932 0.47916666666666663 0.057007125890736345 0.7916666666666666
9 0.334916864608076 0.46875 0.057007125890736345 0.7291666666666666
9 0.3954869358669834 0.47916666666666663 0.0498812351543943 0.7916666666666666
8 0.4524940617577197 0.47916666666666663 0.05463182897862233 0.7916666666666666
8 0.5095011876484561 0.46875 0.0498812351543943 0.8125
8 0.5653206650831354 0.46875 0.057007125890736345 0.7291666666666666
8 0.6294536817102138 0.4895833333333333 0.052256532066508314 0.7708333333333333
8 0.7399049881235155 0.5 0.0498812351543943 0.75
8 0.7969121140142518 0.4583333333333333 0.05463182897862233 0.75
8 0.8551068883610452 0.4583333333333333 0.04750593824228029 0.7916666666666666
8 0.9121140142517815 0.46875 0.057007125890736345 0.7708333333333333
8 0.9738717339667459 0.4895833333333333 0.04750593824228029 0.7708333333333333
