5 0.03294573643410853 0.5333333333333333 0.050387596899224806 0.8444444444444444
2 0.08817829457364341 0.5222222222222223 0.04844961240310078 0.9555555555555556
3 0.14244186046511628 0.5111111111111112 0.04457364341085271 0.9333333333333333
6 0.1928294573643411 0.5 0.04457364341085271 0.9555555555555556
4 0.2877906976744186 0.4666666666666667 0.06007751937984496 0.888888888888889
9 0.3488372093023256 0.45555555555555555 0.046511627906976744 0.8222222222222223
8 0.3992248062015504 0.4777777777777778 0.046511627906976744 0.8222222222222223
8 0.45348837209302323 0.5 0.05426356589147287 0.9555555555555556
8 0.5513565891472868 0.45555555555555555 0.05232558139534883 0.8666666666666667
8 0.6046511627906976 0.48888888888888893 0.04263565891472868 0.9333333333333333
8 0.6560077519379844 0.48888888888888893 0.04457364341085271 0.9333333333333333
8 0.7073643410852714 0.4222222222222222 0.050387596899224806 0.8
8 0.8062015503875969 0.45555555555555555 0.046511627906976744 0.8666666666666667
8 0.8575581395348837 0.4222222222222222 0.04457364341085271 0.8
8 0.9108527131782945 0.45555555555555555 0.050387596899224806 0.8222222222222223
8 0.9612403100775193 0.4777777777777778 0.046511627906976744 0.9111111111111111
