5 0.0368567454798331 0.5211267605633803 0.048678720445062586 0.8450704225352113
3 0.08692628650904033 0.528169014084507 0.04589707927677329 0.8028169014084507
0 0.1376912378303199 0.5211267605633803 0.04728789986091794 0.8169014084507042
9 0.19262865090403336 0.5492957746478874 0.054242002781641166 0.8169014084507042
8 0.29068150208623084 0.528169014084507 0.04728789986091794 0.8309859154929577
2 0.3421418636995827 0.5422535211267606 0.04450625869262865 0.7746478873239436
5 0.39221140472878996 0.49295774647887325 0.04728789986091794 0.7605633802816901
1 0.44436717663421416 0.471830985915493 0.05146036161335187 0.8028169014084507
7 0.5452016689847009 0.5 0.05006954102920723 0.8591549295774648
1 0.5973574408901251 0.47887323943661975 0.04589707927677329 0.8169014084507042
0 0.64673157162726 0.5070422535211268 0.04728789986091794 0.7605633802816901
3 0.6988873435326842 0.49295774647887325 0.04589707927677329 0.7887323943661972
1 0.7927677329624478 0.471830985915493 0.05006954102920723 0.8028169014084507
2 0.8463143254520167 0.4647887323943662 0.048678720445062586 0.8169014084507042
8 0.8949930458970793 0.4647887323943662 0.04589707927677329 0.8169014084507042
6 0.9492350486787204 0.4647887323943662 0.054242002781641166 0.8450704225352113
