5 0.04614485981308411 0.5 0.05023364485981308 0.7752808988764045
2 0.10397196261682243 0.4943820224719101 0.04672897196261682 0.6741573033707865
0 0.15070093457943923 0.4887640449438202 0.04439252336448598 0.6629213483146067
0 0.20210280373831774 0.5056179775280899 0.053738317757009345 0.7415730337078652
8 0.29380841121495327 0.47752808988764045 0.05957943925233644 0.7528089887640449
3 0.35280373831775697 0.5168539325842696 0.04205607476635514 0.7640449438202247
8 0.40011682242990654 0.4831460674157303 0.0455607476635514 0.7640449438202247
8 0.455607476635514 0.4887640449438202 0.0514018691588785 0.7752808988764045
8 0.5496495327102804 0.46629213483146065 0.0455607476635514 0.7303370786516854
8 0.5998831775700935 0.5112359550561798 0.0455607476635514 0.8202247191011236
8 0.6542056074766355 0.4831460674157303 0.04439252336448598 0.7640449438202247
8 0.7061915887850467 0.47752808988764045 0.05023364485981308 0.7752808988764045
8 0.8008177570093458 0.4943820224719101 0.04789719626168224 0.8089887640449438
8 0.8516355140186915 0.47191011235955055 0.04906542056074766 0.7640449438202247
8 0.8995327102803737 0.4831460674157303 0.04439252336448598 0.8089887640449438
8 0.9509345794392523 0.5056179775280899 0.04439252336448598 0.8539325842696629
