6 0.04437869822485207 0.4117647058823529 0.04378698224852071 0.6274509803921569
2 0.09467455621301775 0.4215686274509804 0.047337278106508875 0.6470588235294118
2 0.1437869822485207 0.4215686274509804 0.04378698224852071 0.6078431372549019
8 0.18520710059171597 0.4411764705882353 0.039053254437869826 0.6470588235294118
4 0.2319526627218935 0.4362745098039216 0.040236686390532544 0.5980392156862745
3 0.27928994082840236 0.45098039215686275 0.05207100591715976 0.6862745098039216
0 0.36627218934911243 0.446078431372549 0.046153846153846156 0.6764705882352942
3 0.41597633136094675 0.46078431372549017 0.046153846153846156 0.7254901960784313
3 0.4662721893491124 0.46078431372549017 0.040236686390532544 0.6862745098039216
9 0.5106508875739645 0.47549019607843135 0.039053254437869826 0.7156862745098039
4 0.5556213017751479 0.49019607843137253 0.05088757396449704 0.7647058823529411
7 0.606508875739645 0.5441176470588235 0.0485207100591716 0.7352941176470588
4 0.6550295857988165 0.5196078431372549 0.046153846153846156 0.6666666666666666
6 0.7035502958579882 0.5245098039215687 0.046153846153846156 0.7745098039215687
4 0.7514792899408285 0.5196078431372549 0.04497041420118343 0.7647058823529411
5 0.8023668639053254 0.5098039215686274 0.047337278106508875 0.7843137254901961
4 0.8526627218934911 0.5294117647058824 0.04378698224852071 0.8431372549019608
7 0.9029585798816568 0.5294117647058824 0.04970414201183432 0.8823529411764706
3 0.9544378698224852 0.5245098039215687 0.05088757396449704 0.9313725490196079
