6 0.04497041420118343 0.4117647058823529 0.04260355029585799 0.6078431372549019
2 0.0940828402366864 0.4117647058823529 0.04378698224852071 0.6078431372549019
2 0.13964497041420118 0.4264705882352941 0.047337278106508875 0.5980392156862745
8 0.18520710059171597 0.4264705882352941 0.039053254437869826 0.6176470588235294
4 0.23076923076923078 0.4166666666666667 0.04260355029585799 0.6176470588235294
3 0.27514792899408286 0.4068627450980392 0.046153846153846156 0.6764705882352942
0 0.36863905325443785 0.46078431372549017 0.04142011834319527 0.6078431372549019
3 0.4171597633136095 0.46078431372549017 0.04378698224852071 0.6078431372549019
3 0.46331360946745564 0.49019607843137253 0.04378698224852071 0.6274509803921569
9 0.5106508875739645 0.4950980392156863 0.039053254437869826 0.6176470588235294
4 0.5579881656804734 0.47549019607843135 0.04142011834319527 0.6372549019607843
7 0.6082840236686391 0.5343137254901961 0.04260355029585799 0.6372549019607843
4 0.655621301775148 0.5392156862745098 0.04260355029585799 0.6078431372549019
6 0.7011834319526628 0.5833333333333334 0.04142011834319527 0.6568627450980392
4 0.7502958579881657 0.5931372549019608 0.04497041420118343 0.7156862745098039
5 0.8011834319526627 0.5686274509803921 0.04497041420118343 0.6666666666666666
4 0.8508875739644971 0.5784313725490196 0.04970414201183432 0.6470588235294118
7 0.9023668639053255 0.5735294117647058 0.0485207100591716 0.6568627450980392
3 0.9532544378698224 0.5441176470588235 0.0485207100591716 0.696078431372549
