3 0.045130641330166275 0.5104166666666666 0.057007125890736345 0.7708333333333333
7 0.10451306413301663 0.5 0.061757719714964375 0.7916666666666666
9 0.16270783847981 0.5 0.05463182897862233 0.8333333333333333
8 0.22327790973871736 0.4895833333333333 0.057007125890736345 0.7291666666666666
9 0.336104513064133 0.5208333333333333 0.05463182897862233 0.7916666666666666
9 0.3978622327790974 0.5 0.0498812351543943 0.8333333333333333
8 0.45368171021377673 0.5208333333333333 0.04750593824228029 0.7916666666666666
8 0.5130641330166271 0.5208333333333333 0.052256532066508314 0.7916666666666666
8 0.5712589073634204 0.4895833333333333 0.045130641330166275 0.7291666666666666
8 0.6306413301662708 0.5 0.0498812351543943 0.7083333333333333
8 0.7410926365795725 0.5104166666666666 0.052256532066508314 0.7708333333333333
8 0.7980997624703088 0.47916666666666663 0.04750593824228029 0.75
8 0.8551068883610452 0.4895833333333333 0.052256532066508314 0.7291666666666666
8 0.9133016627078385 0.46875 0.0498812351543943 0.7708333333333333
8 0.9714964370546318 0.5208333333333333 0.052256532066508314 0.7916666666666666
