5 0.04789719626168224 0.4606741573033708 0.04906542056074766 0.7415730337078652
2 0.10046728971962617 0.46629213483146065 0.04205607476635514 0.7752808988764045
0 0.15070093457943923 0.5 0.04205607476635514 0.7303370786516854
0 0.19918224299065418 0.47752808988764045 0.04322429906542056 0.797752808988764
8 0.29439252336448596 0.449438202247191 0.04906542056074766 0.8089887640449438
3 0.348714953271028 0.47191011235955055 0.0455607476635514 0.7415730337078652
8 0.39778037383177567 0.4606741573033708 0.05023364485981308 0.7415730337078652
8 0.45210280373831774 0.4887640449438202 0.04672897196261682 0.8202247191011236
8 0.5473130841121495 0.47752808988764045 0.0455607476635514 0.7752808988764045
8 0.5992990654205607 0.4943820224719101 0.04205607476635514 0.7640449438202247
8 0.648948598130841 0.5224719101123595 0.04789719626168224 0.7752808988764045
8 0.7021028037383177 0.47191011235955055 0.04439252336448598 0.7415730337078652
8 0.7955607476635513 0.4887640449438202 0.0514018691588785 0.7303370786516854
8 0.8492990654205607 0.4887640449438202 0.04205607476635514 0.797752808988764
8 0.8977803738317757 0.47191011235955055 0.05023364485981308 0.7865168539325842
8 0.9561915887850466 0.5224719101123595 0.054906542056074766 0.8426966292134831
