5 0.03477051460361613 0.5211267605633803 0.04728789986091794 0.7887323943661972
3 0.08692628650904033 0.5211267605633803 0.048678720445062586 0.7605633802816901
0 0.13630041724617523 0.528169014084507 0.04728789986091794 0.7464788732394366
9 0.1898470097357441 0.528169014084507 0.048678720445062586 0.7746478873239436
8 0.2865090403337969 0.5070422535211268 0.04728789986091794 0.8732394366197184
2 0.33657858136300417 0.5352112676056339 0.05285118219749652 0.8169014084507042
5 0.3929068150208623 0.5140845070422535 0.048678720445062586 0.7464788732394366
1 0.4429763560500695 0.5070422535211268 0.048678720445062586 0.7605633802816901
7 0.5424200278164116 0.5 0.04728789986091794 0.7746478873239436
1 0.5945757997218358 0.471830985915493 0.04589707927677329 0.7183098591549296
0 0.6439499304589708 0.4859154929577465 0.05006954102920723 0.7464788732394366
3 0.6947148817802503 0.5 0.048678720445062586 0.7746478873239436
1 0.7990264255910987 0.4647887323943662 0.043115438108484005 0.7605633802816901
2 0.8484005563282336 0.47887323943661975 0.05006954102920723 0.8169014084507042
8 0.9012517385257302 0.45774647887323944 0.04728789986091794 0.8028169014084507
6 0.9513212795549374 0.4366197183098592 0.05285118219749652 0.8450704225352113
