6 0.05375375375375375 0.5389221556886228 0.049849849849849845 0.7305389221556887
2 0.11201201201201201 0.5389221556886228 0.049849849849849845 0.7904191616766467
2 0.16636636636636637 0.5119760479041916 0.05525525525525525 0.784431137724551
8 0.2189189189189189 0.5149700598802396 0.048648648648648644 0.6826347305389222
3 0.32732732732732733 0.5209580838323353 0.04564564564564565 0.7305389221556887
7 0.37747747747747745 0.5209580838323353 0.04504504504504504 0.7305389221556887
8 0.4279279279279279 0.5269461077844312 0.04144144144144144 0.7065868263473054
8 0.47987987987987984 0.4970059880239521 0.04444444444444444 0.7065868263473054
8 0.5765765765765766 0.4940119760479042 0.04444444444444444 0.6766467065868264
8 0.6267267267267267 0.5119760479041916 0.04384384384384384 0.7125748502994013
8 0.6738738738738739 0.4970059880239521 0.04084084084084084 0.6467065868263473
8 0.7273273273273273 0.4850299401197605 0.04684684684684685 0.6467065868263473
8 0.8171171171171171 0.5059880239520959 0.04384384384384384 0.7005988023952097
8 0.8657657657657657 0.5 0.04384384384384384 0.6167664670658684
8 0.9132132132132131 0.4820359281437126 0.03903903903903904 0.6167664670658684
8 0.9612612612612612 0.47305389221556887 0.04384384384384384 0.658682634730539
