6 0.05045045045045045 0.5269461077844312 0.04684684684684685 0.7425149700598803
2 0.1111111111111111 0.5299401197604791 0.05525525525525525 0.7724550898203594
2 0.16456456456456456 0.5449101796407186 0.05045045045045045 0.7065868263473054
8 0.2168168168168168 0.5059880239520959 0.04804804804804805 0.6646706586826348
3 0.32732732732732733 0.5419161676646707 0.04564564564564565 0.7125748502994013
7 0.37987987987987987 0.5419161676646707 0.04384384384384384 0.6766467065868264
8 0.42882882882882883 0.5299401197604791 0.04324324324324324 0.6526946107784432
8 0.4804804804804805 0.5568862275449102 0.04684684684684685 0.6467065868263473
8 0.5768768768768768 0.5209580838323353 0.04384384384384384 0.6347305389221557
8 0.6282282282282282 0.5059880239520959 0.04444444444444444 0.6646706586826348
8 0.6753753753753754 0.5179640718562875 0.04384384384384384 0.62874251497006
8 0.724024024024024 0.5119760479041916 0.049849849849849845 0.6766467065868264
8 0.8195195195195195 0.5149700598802396 0.048648648648648644 0.6467065868263473
8 0.8678678678678678 0.4760479041916168 0.03843843843843844 0.6646706586826348
8 0.9150150150150149 0.4820359281437126 0.03903903903903904 0.7125748502994013
8 0.9582582582582582 0.470059880239521 0.048648648648648644 0.7245508982035929
