6 0.05009107468123861 0.6166666666666667 0.04918032786885246 0.6666666666666666
2 0.1029143897996357 0.6166666666666667 0.04553734061930783 0.7
2 0.15482695810564662 0.6 0.04735883424408015 0.7333333333333333
5 0.20309653916211293 0.6083333333333333 0.04189435336976321 0.7833333333333333
7 0.30145719489981787 0.5666666666666667 0.052823315118397086 0.7333333333333333
6 0.3524590163934426 0.5916666666666667 0.04553734061930783 0.7833333333333333
8 0.40437158469945356 0.575 0.04371584699453552 0.75
8 0.4517304189435337 0.5333333333333333 0.04371584699453552 0.7666666666666666
8 0.5455373406193078 0.5 0.052823315118397086 0.8333333333333334
8 0.599271402550091 0.55 0.04007285974499089 0.6666666666666666
8 0.6493624772313297 0.5583333333333333 0.04553734061930783 0.6833333333333333
8 0.7021857923497268 0.5333333333333333 0.04918032786885246 0.7
8 0.7941712204007286 0.5333333333333333 0.05100182149362477 0.6666666666666666
8 0.8479052823315119 0.5333333333333333 0.04918032786885246 0.6666666666666666
8 0.8989071038251366 0.5583333333333333 0.04189435336976321 0.7166666666666667
8 0.9480874316939891 0.5083333333333333 0.04553734061930783 0.7166666666666667
