5 0.04614485981308411 0.4887640449438202 0.04789719626168224 0.7303370786516854
2 0.10163551401869159 0.4887640449438202 0.04672897196261682 0.7528089887640449
0 0.14953271028037382 0.4606741573033708 0.04205607476635514 0.6741573033707865
0 0.2003504672897196 0.46629213483146065 0.04789719626168224 0.6404494382022472
8 0.29848130841121495 0.43258426966292135 0.0455607476635514 0.797752808988764
3 0.3516355140186916 0.47191011235955055 0.04439252336448598 0.8089887640449438
8 0.4007009345794392 0.449438202247191 0.04205607476635514 0.7191011235955056
8 0.451518691588785 0.47191011235955055 0.0455607476635514 0.7640449438202247
8 0.5508177570093458 0.4831460674157303 0.04088785046728972 0.6741573033707865
8 0.6010514018691588 0.5 0.04322429906542056 0.7078651685393258
8 0.6518691588785046 0.46629213483146065 0.04205607476635514 0.7078651685393258
8 0.6997663551401868 0.4831460674157303 0.0397196261682243 0.7415730337078652
8 0.7984813084112149 0.4831460674157303 0.04088785046728972 0.7191011235955056
8 0.8510514018691588 0.4943820224719101 0.04322429906542056 0.7415730337078652
8 0.9007009345794392 0.5 0.0397196261682243 0.7303370786516854
8 0.9521028037383177 0.5168539325842696 0.04205607476635514 0.696629213483146
