6 0.032586558044806514 0.4728682170542636 0.04480651731160896 0.5426356589147286
0 0.0855397148676171 0.4263565891472868 0.04684317718940936 0.6046511627906976
1 0.13136456211812625 0.41860465116279066 0.04276985743380855 0.6201550387596899
4 0.18177189409368633 0.43410852713178294 0.05193482688391038 0.5736434108527132
2 0.285132382892057 0.45348837209302323 0.05091649694501018 0.5813953488372093
7 0.3416496945010183 0.46511627906976744 0.04378818737270875 0.5891472868217054
6 0.38798370672097754 0.44573643410852715 0.048879837067209775 0.5813953488372093
0 0.44093686354378814 0.44573643410852715 0.05091649694501018 0.6124031007751938
3 0.5422606924643584 0.4573643410852713 0.045824847250509164 0.5426356589147286
2 0.5921588594704684 0.46511627906976744 0.04786150712830957 0.6046511627906976
3 0.645621181262729 0.437984496124031 0.048879837067209775 0.5658914728682171
1 0.6985743380855397 0.45348837209302323 0.05498981670061099 0.5968992248062015
7 0.8029531568228105 0.4689922480620155 0.045824847250509164 0.5813953488372093
9 0.8528513238289205 0.4573643410852713 0.04786150712830957 0.5891472868217054
9 0.9042769857433808 0.437984496124031 0.04276985743380855 0.5658914728682171
9 0.9541751527494907 0.4496124031007752 0.048879837067209775 0.6201550387596899
