6 0.03360488798370672 0.46511627906976744 0.04276985743380855 0.5736434108527132
0 0.0835030549898167 0.43410852713178294 0.04276985743380855 0.5581395348837209
1 0.13187372708757636 0.43410852713178294 0.045824847250509164 0.6201550387596899
4 0.18737270875763745 0.43023255813953487 0.05091649694501018 0.6124031007751938
2 0.28156822810590626 0.45348837209302323 0.056008146639511196 0.5658914728682171
7 0.3431771894093686 0.4689922480620155 0.04684317718940936 0.5503875968992248
6 0.3910386965376782 0.4573643410852713 0.04276985743380855 0.5581395348837209
0 0.4414460285132382 0.43410852713178294 0.04786150712830957 0.5116279069767442
3 0.5427698574338085 0.46511627906976744 0.048879837067209775 0.5581395348837209
2 0.5916496945010182 0.46124031007751937 0.04684317718940936 0.5658914728682171
3 0.6476578411405295 0.4573643410852713 0.048879837067209775 0.5581395348837209
1 0.6975560081466394 0.45348837209302323 0.04073319755600814 0.5503875968992248
7 0.8024439918533605 0.47674418604651164 0.04480651731160896 0.5658914728682171
9 0.8528513238289205 0.4573643410852713 0.045824847250509164 0.6356589147286822
9 0.9042769857433808 0.46124031007751937 0.04276985743380855 0.5658914728682171
9 0.9541751527494907 0.44573643410852715 0.04073319755600814 0.5813953488372093
