6 0.05195195195195195 0.5389221556886228 0.049849849849849845 0.7544910179640719
2 0.11261261261261261 0.5479041916167665 0.048648648648648644 0.7485029940119761
2 0.16636636636636637 0.5389221556886228 0.05165165165165165 0.7664670658682635
8 0.218018018018018 0.4940119760479042 0.04684684684684685 0.7125748502994013
3 0.32942942942942943 0.5239520958083833 0.047447447447447444 0.7604790419161677
7 0.378978978978979 0.5119760479041916 0.04564564564564565 0.784431137724551
8 0.4285285285285285 0.5149700598802396 0.04024024024024024 0.7425149700598803
8 0.48078078078078074 0.502994011976048 0.049849849849849845 0.7904191616766467
8 0.5771771771771772 0.4940119760479042 0.04564564564564565 0.6766467065868264
8 0.6276276276276276 0.5059880239520959 0.04204204204204204 0.6646706586826348
8 0.6771771771771772 0.5059880239520959 0.04384384384384384 0.688622754491018
8 0.727027027027027 0.4880239520958084 0.04384384384384384 0.688622754491018
8 0.8189189189189189 0.5119760479041916 0.048648648648648644 0.6167664670658684
8 0.8666666666666666 0.4970059880239521 0.04084084084084084 0.6467065868263473
8 0.9132132132132131 0.4820359281437126 0.04264264264264264 0.6526946107784432
8 0.9594594594594594 0.4820359281437126 0.04024024024024024 0.6526946107784432
