5 0.04977711738484398 0.4852941176470588 0.04903417533432392 0.7647058823529411
2 0.09806835066864784 0.5 0.0475482912332838 0.7352941176470588
1 0.1485884101040119 0.4779411764705882 0.04457652303120356 0.75
8 0.19985141158989597 0.4632352941176471 0.052005943536404156 0.75
9 0.30089153046062406 0.4926470588235294 0.04309063893016345 0.7794117647058824
9 0.35066864784546803 0.4852941176470588 0.04457652303120356 0.7352941176470588
0 0.40118870728083206 0.4926470588235294 0.05052005943536404 0.75
0 0.4539375928677563 0.4779411764705882 0.04903417533432392 0.75
8 0.550520059435364 0.5 0.04903417533432392 0.7352941176470588
8 0.6010401188707281 0.4632352941176471 0.04606240713224368 0.75
8 0.6515601783060921 0.47058823529411764 0.04606240713224368 0.7352941176470588
8 0.7028231797919762 0.47058823529411764 0.0475482912332838 0.7352941176470588
8 0.8023774145616641 0.47058823529411764 0.04457652303120356 0.7647058823529411
8 0.8528974739970282 0.4926470588235294 0.0475482912332838 0.75
8 0.901188707280832 0.4926470588235294 0.04606240713224368 0.7205882352941176
8 0.9531946508172362 0.4852941176470588 0.052005943536404156 0.7647058823529411
